																						Model Calcs																Indic Calcs							Shock Scenarios											
									Original Balance	Current Balance	Can we make this just for one month?	Book Value	Market Value	Book Price	Market Price	MTM						1.701683	0.790525198	0.01324591	0.008192749		Partial Durations																		-200			-100			+100			+200		
Book	Position ID	CUSIP	Sub Type	PRODUCT_CODE_2052a_Collateral_Class	Issuer	Current Factor	Coupon	Maturity Date	Nominal	CA_NOTIONAL	TOTAL_PAYDOWN_BOOK_VALUE	MTB_BOOK VALUE (Clean)	PV_NET (MV Clean)	MTB_BOOK PRICE (Clean)	PRICE (Mkt)	NPV_DISC (Clean MTM)	Curve Date	Prepay Model	Prepay Rate	Vol Model	Curve Type	Forward Yield	Effective Duration	Effective Convexity	Effective DV01	Dollar Duration	1YR	2YR	3YR	5YR	10YR	20YR	30YR	Average Life	LT CPR	OAS	Z-Spread	Factor	Life CPR	GWAC	WALA	WALS	MaxServicerName	MaxServicerPercent	Eff. Dur	DV01	Dollar Return	Eff. Dur	DV01	Dollar Return	Eff. Dur	DV01	Dollar Return	Eff. Dur	DV01	Dollar Return
AFS	614792	31287TTT2	Agency MBS 30yr	G-2-Q	FREDDIE MAC	0.00896549	6.5	6/1/2032	 2,212,800.00 	 19,839 	 2,332.16 	21064.36	20723.34	106.1774	104.4584443	 (341.02)	12/31/2025	Model2501	100	LMMSOFRFLAT	RFRSwap	4.28	2.01	0.05	0.021	 4 	0.28	0.41	0.78	0.55	0.00	0.00	0.00	2.2	10.7	87	71	0.01	14.9	7.00	285	 19,467 	NA	NA	1.98	0.02	4.29	2.01	0.02	2.13	1.99	0.02	-2.08	1.97	0.02	-4.10
AFS	612885	31288ED61	Agency MBS 30yr	G-2-Q	FREDDIE MAC	0.01653151	5.5	11/1/2032	3203315	 52,956 	 3,866.38 	55989.54	53744.98	105.7292	101.490587	 (2,244.56)	12/31/2025	Model2501	100	LMMSOFRFLAT	RFRSwap	4.82	2.28	0.04	0.023	 12 	0.25	0.36	0.72	0.90	0.04	0.00	0.00	2.6	10.7	138	121	0.02	13.0	5.88	280	 52,339 	NA	NA	2.12	0.02	4.63	2.23	0.02	2.33	2.29	0.02	-2.30	2.29	0.02	-4.56
AFS	612764	3128KRY32	Agency MBS 30yr	G-2-Q	FREDDIE MAC	0.03364274	6	1/1/2037	3444017	 115,866 	 28,859.38 	124582.62	118993.79	107.5229	102.6993415	 (5,588.83)	12/31/2025	Model2501	100	LMMSOFRFLAT	RFRSwap	4.84	2.34	0.03	0.024	 28 	0.25	0.36	0.71	0.97	0.06	-0.01	0.00	2.7	10.5	139	123	0.03	12.3	6.44	284	 37,967 	NA	NA	2.10	0.02	4.76	2.27	0.02	2.42	2.35	0.02	-2.39	2.35	0.02	-4.73
AFS	612670	3128KWVU4	Agency MBS 30yr	G-2-Q	FREDDIE MAC	0.01339547	5.5	8/1/2037	1828883	 24,499 	 777.96 	26479.07	25370.03	108.0834	103.5564297	 (1,109.05)	12/31/2025	Model2501	100	LMMSOFRFLAT	RFRSwap	4.58	3.73	0.06	0.039	 10 	0.17	0.25	0.52	1.41	1.37	0.01	0.00	4.5	9.1	96	74	0.01	18.7	6.25	224	 24,377 	NA	NA	3.24	0.04	7.64	3.57	0.04	3.89	3.77	0.04	-3.84	3.80	0.04	-7.56
AFS	612999	3128L7EG8	Agency MBS 30yr	G-2-Q	FREDDIE MAC	0.04523262	5	2/1/2038	3228512	 146,034 	 5,959.29 	156125.86	150119.82	106.9106	102.7978171	 (6,006.04)	12/31/2025	Model2501	100	LMMSOFRFLAT	RFRSwap	4.23	3.29	-0.24	0.034	 50 	0.19	0.28	0.56	1.37	0.96	-0.05	-0.01	4.1	8.6	59	42	0.04	13.5	5.62	216	 72,546 	NA	NA	1.99	0.02	5.77	2.77	0.03	3.22	3.51	0.04	-3.47	3.58	0.03	-6.96
AFS	614078	3128LCJU1	Agency MBS 30yr	G-2-Q	FREDDIE MAC	0.23697631	5.5	11/1/2037	1203300	 285,154 	 11,800.75 	307160.25	296381.56	107.7175	103.9375165	 (10,778.69)	12/31/2025	Model2501	100	LMMSOFRFLAT	RFRSwap	4.40	3.27	-0.20	0.034	 97 	0.20	0.28	0.54	1.35	0.97	-0.05	-0.01	4.1	9.1	77	60	0.24	4.9	6.06	231	 94,434 	NA	NA	2.31	0.03	6.04	2.83	0.03	3.27	3.47	0.04	-3.48	3.55	0.03	-6.97
AFS	613195	3128M83G7	Agency MBS 30yr	G-2-Q	FREDDIE MAC	0.06155373	3.5	11/1/2041	10021619	 616,868 	 32,333.39 	620378.59	593931.78	100.5691	96.2818222	 (26,446.81)	12/31/2025	Model2501	100	LMMSOFRFLAT	RFRSwap	4.29	4.58	-0.10	0.044	 273 	0.13	0.21	0.48	1.35	2.14	0.28	0.00	5.6	7.3	51	32	0.06	15.6	4.22	172	 146,847 	NA	NA	2.73	0.03	7.90	4.06	0.04	4.31	4.84	0.04	-4.45	5.09	0.04	-8.91
AFS	613708	3128M9SX1	Agency MBS 30yr	G-2-Q	FREDDIE MAC	0.14561374	3.5	7/1/2043	28753228	 4,186,865 	 309,176.93 	4201503.88	3995331.66	100.3496	95.4253743	 (206,172.23)	12/31/2025	Model2501	100	LMMSOFRFLAT	RFRSwap	4.41	4.98	-0.12	0.048	 1,995 	0.12	0.19	0.44	1.32	2.37	0.55	0.00	6.1	7.4	57	40	0.14	12.0	3.91	152	 182,664 	NA	NA	3.21	0.03	8.68	4.45	0.04	4.66	5.32	0.05	-4.81	5.65	0.05	-9.66
AFS	613823	3128MJAK6	Agency MBS 30yr	G-2-Q	FREDDIE MAC	0.00854333	5	9/1/2034	192369	 1,643 	 154.05 	1668.13	1671.18	101.5001	101.6862284	 3.06 	12/31/2025	Model2501	100	LMMSOFRFLAT	RFRSwap	4.38	2.76	0.04	0.028	 0 	0.22	0.31	0.63	1.34	0.28	-0.01	0.00	3.2	9.4	89	70	0.01	17.3	5.51	259	 74,600 	NA	NA	2.48	0.03	5.58	2.68	0.03	2.82	2.77	0.03	-2.79	2.76	0.03	-5.50
AFS	613731	3128MJAQ3	Agency MBS 30yr	G-2-Q	FREDDIE MAC	0.01036382	5	10/1/2034	200000	 2,073 	 157.16 	2106.33	2107.47	101.6193	101.6742388	 1.14 	12/31/2025	Model2501	100	LMMSOFRFLAT	RFRSwap	4.42	2.90	0.04	0.030	 1 	0.21	0.30	0.61	1.41	0.38	-0.01	0.00	3.3	9.4	91	72	0.01	16.5	5.65	256	 69,618 	NA	NA	2.59	0.03	5.85	2.81	0.03	2.97	2.92	0.03	-2.93	2.91	0.03	-5.79
AFS	614734	3128MJQU7	Agency MBS 30yr	G-2-Q	FREDDIE MAC	0.06325622	3.5	11/1/2041	65052482	 4,114,974 	 269,710.03 	4143304.2	3961134.85	100.6885	96.2614768	 (182,169.35)	12/31/2025	Model2501	100	LMMSOFRFLAT	RFRSwap	4.29	4.58	-0.13	0.044	 1,818 	0.13	0.21	0.48	1.35	2.13	0.29	0.00	5.6	7.3	51	32	0.06	15.4	3.92	171	 152,135 	NA	NA	2.54	0.03	7.78	4.02	0.04	4.29	4.86	0.04	-4.46	5.13	0.04	-8.95
HTM	613421	3128MJRJ1	Agency MBS 30yr	G-2-Q	FREDDIE MAC	0.08136057	3.5	4/1/2042	87263188	 7,099,783 	 437,732.74 	7177361.01	6816780.57	101.0927	96.0139323	 (360,580.43)	12/31/2025	Model2501	100	LMMSOFRFLAT	RFRSwap	4.33	4.67	-0.14	0.045	 3,191 	0.13	0.20	0.47	1.35	2.19	0.34	0.00	5.7	7.3	54	36	0.08	14.4	3.93	166	 167,683 	NA	NA	2.70	0.03	7.98	4.11	0.04	4.37	4.97	0.05	-4.54	5.25	0.05	-9.11
AFS	613902	3128MJT67	Agency MBS 30yr	G-2-Q	FREDDIE MAC	0.08130057	3.5	2/1/2044	39095182	 3,178,461 	 193,221.18 	3187760.64	3030681.48	100.2926	95.3506076	 (157,079.16)	12/31/2025	Model2501	100	LMMSOFRFLAT	RFRSwap	4.42	4.95	-0.13	0.047	 1,505 	0.12	0.19	0.45	1.29	2.33	0.58	0.00	6.1	7.5	56	39	0.08	17.0	4.20	145	 159,122 	NA	NA	2.89	0.03	8.41	4.35	0.04	4.60	5.29	0.05	-4.78	5.63	0.05	-9.61
AFS	614117	3128MJUA6	Agency MBS 30yr	G-2-Q	FREDDIE MAC	0.08386271	3.5	3/1/2044	23000000	 1,928,842 	 75,031.46 	1935509.99	1837963.69	100.3457	95.2884358	 (97,546.31)	12/31/2025	Model2501	100	LMMSOFRFLAT	RFRSwap	4.42	4.98	-0.15	0.048	 918 	0.12	0.19	0.45	1.28	2.34	0.61	0.00	6.2	7.6	56	40	0.08	16.9	4.22	144	 175,835 	NA	NA	2.85	0.03	8.41	4.35	0.04	4.62	5.34	0.05	-4.81	5.70	0.05	-9.69
AFS	614202	3128MJV56	Agency MBS 30yr	G-2-Q	FREDDIE MAC	0.14450376	3	4/1/2045	50205650	 7,254,905 	 356,568.82 	7251510.37	6653589.24	99.9532	91.7115945	 (597,921.13)	12/31/2025	Model2501	100	LMMSOFRFLAT	RFRSwap	4.57	5.48	-0.10	0.050	 3,659 	0.11	0.16	0.39	1.29	2.63	0.90	0.02	6.6	7.3	67	52	0.14	14.4	3.71	130	 195,358 	NA	NA	3.79	0.04	9.39	4.96	0.05	4.96	5.89	0.05	-5.09	6.29	0.05	-10.22
AFS	613995	3128MJWA4	Agency MBS 30yr	G-2-Q	FREDDIE MAC	0.14693657	3	5/1/2045	225495498	 33,133,535 	 1,764,140.39 	33155372.63	30366735.42	100.0659	91.649549	 (2,788,637.20)	12/31/2025	Model2501	100	LMMSOFRFLAT	RFRSwap	4.57	5.51	-0.10	0.051	 16,782 	0.10	0.16	0.39	1.28	2.64	0.92	0.02	6.6	7.2	67	52	0.15	14.3	3.71	130	 196,118 	NA	NA	3.81	0.04	9.43	4.98	0.05	4.98	5.92	0.05	-5.11	6.32	0.05	-10.27
AFS	613630	3128MJWJ5	Agency MBS 30yr	G-2-Q	FREDDIE MAC	0.15579343	3	6/1/2045	23000000	 3,583,249 	 181,674.09 	3593356.08	3256686.25	100.2821	90.8864092	 (336,669.83)	12/31/2025	Model2501	100	LMMSOFRFLAT	RFRSwap	4.73	5.54	-0.08	0.050	 1,809 	0.10	0.16	0.39	1.28	2.65	0.94	0.03	6.7	7.3	82	68	0.15	14.0	3.71	128	 201,735 	NA	NA	3.94	0.04	9.48	5.04	0.05	4.98	5.95	0.05	-5.09	6.35	0.05	-10.22
AFS	614339	3128MJWU0	Agency MBS 30yr	G-2-Q	FREDDIE MAC	0.16434222	3	8/1/2045	25000000	 4,108,556 	 210,886.75 	4108555.5	3754647.1	100	91.3860625	 (353,908.40)	12/31/2025	Model2501	100	LMMSOFRFLAT	RFRSwap	4.62	5.53	-0.08	0.051	 2,082 	0.10	0.16	0.39	1.27	2.64	0.95	0.03	6.7	7.3	71	56	0.16	13.9	3.80	127	 192,999 	NA	NA	3.86	0.04	9.47	5.01	0.05	4.99	5.94	0.05	-5.11	6.34	0.05	-10.26
PUB_HTM	613818	3128MJZB9	Agency MBS 30yr	G-2-Q	FREDDIE MAC	0.19441746	3	12/1/2046	5000000	 972,087 	 46,884.75 	967231.52	882680.95	99.5005	90.8026419	 (84,550.57)	12/31/2025	Model2501	100	LMMSOFRFLAT	RFRSwap	4.66	5.85	-0.14	0.053	 518 	0.10	0.15	0.36	1.23	2.72	1.28	0.04	7.1	7.4	70	59	0.19	14.4	3.64	111	 224,854 	NA	NA	4.11	0.04	9.94	5.27	0.05	5.23	6.32	0.05	-5.38	6.77	0.05	-10.82
HTM	612887	3128MJZF0	Agency MBS 30yr	G-2-Q	FREDDIE MAC	0.20439874	3	1/1/2047	25000000	 5,109,969 	 249,105.69 	5068508.09	4621277.21	99.1886	90.4365107	 (447,230.88)	12/31/2025	Model2501	100	LMMSOFRFLAT	RFRSwap	4.73	5.89	-0.12	0.053	 2,728 	0.10	0.15	0.36	1.23	2.74	1.29	0.04	7.1	7.3	77	66	0.20	14.0	3.58	110	 210,692 	NA	NA	4.20	0.04	10.02	5.32	0.05	5.25	6.34	0.05	-5.38	6.78	0.05	-10.80
AFS	614208	31292GX68	Agency MBS 30yr	G-2-Q	FREDDIE MAC	0.00066906	6.5	1/1/2029	3778918	 2,528 	 577.40 	2641.01	2625.81	104.457	103.855921	 (15.19)	12/31/2025	Model2501	100	LMMSOFRFLAT	RFRSwap	2.95	1.12	0.02	0.012	 0 	0.46	0.54	0.13	0.00	0.00	0.00	0.00	1.2	15.8	-43	-54	0.00	19.2	6.99	326	 19,006 	NA	NA	1.14	0.01	2.39	1.13	0.01	1.18	1.11	0.01	-1.16	1.09	0.01	-2.29
AFS	614075	31292GXD3	Agency MBS 30yr	G-2-Q	FREDDIE MAC	0.00044952	6.5	11/1/2028	1917025	 862 	 256.95 	900.09	894.97	104.4504	103.855921	 (5.12)	12/31/2025	Model2501	100	LMMSOFRFLAT	RFRSwap	2.69	1.05	0.02	0.011	 0 	0.48	0.50	0.08	0.00	0.00	0.00	0.00	1.1	17.4	-69	-80	0.00	20.0	7.00	328	 15,650 	NA	NA	1.07	0.01	2.23	1.05	0.01	1.10	1.03	0.01	-1.08	1.02	0.01	-2.13
AFS	614281	31292GXS0	Agency MBS 30yr	G-2-Q	FREDDIE MAC	0.00054395	6.5	12/1/2028	1220400	 664 	 159.85 	695.31	689.43	104.741	103.855921	 (5.88)	12/31/2025	Model2501	100	LMMSOFRFLAT	RFRSwap	3.03	1.15	0.02	0.012	 0 	0.45	0.54	0.16	0.00	0.00	0.00	0.00	1.2	16.2	-35	-47	0.00	19.7	6.96	327	 20,733 	NA	NA	1.17	0.01	2.44	1.16	0.01	1.21	1.13	0.01	-1.18	1.11	0.01	-2.33
AFS	613918	31292GYH3	Agency MBS 30yr	G-2-Q	FREDDIE MAC	0.00064733	6.5	2/1/2029	1826700	 1,182 	 299.68 	1236.66	1228.07	104.582	103.855921	 (8.58)	12/31/2025	Model2501	100	LMMSOFRFLAT	RFRSwap	3.15	1.19	0.03	0.012	 0 	0.44	0.55	0.21	0.00	0.00	0.00	0.00	1.3	15.2	-22	-35	0.00	19.4	6.98	324	 20,224 	NA	NA	1.21	0.01	2.53	1.20	0.01	1.25	1.17	0.01	-1.22	1.15	0.01	-2.42
HTM	612284	31292LFZ3	Agency MBS 30yr	G-2-Q	FREDDIE MAC	0.07534775	3.5	4/1/2042	5000000	 376,739 	 25,714.53 	380754.78	363044.53	101.066	96.3650631	 (17,710.24)	12/31/2025	Model2501	100	LMMSOFRFLAT	RFRSwap	4.28	4.51	-0.16	0.044	 164 	0.13	0.21	0.49	1.37	2.09	0.25	0.00	5.5	7.2	50	33	0.07	14.5	3.85	169	 178,645 	NA	NA	2.47	0.03	7.64	3.94	0.04	4.22	4.82	0.04	-4.42	5.08	0.04	-8.88
AFS	613981	3129407K9	Agency MBS 30yr	G-2-Q	FREDDIE MAC	0.1538917	4.5	6/1/2040	2526389	 388,790 	 9,971.75 	413260.85	391268.77	106.294	100.6374833	 (21,992.08)	12/31/2025	Model2501	100	LMMSOFRFLAT	RFRSwap	4.37	4.27	-0.18	0.043	 168 	0.15	0.23	0.50	1.32	1.92	0.18	-0.01	5.4	7.8	60	42	0.15	8.9	5.04	189	 101,345 	NA	NA	2.41	0.03	7.41	3.65	0.04	4.13	4.51	0.04	-4.36	4.64	0.04	-8.68
AFS	612905	312941RR0	Agency MBS 30yr	G-2-Q	FREDDIE MAC	0.11025966	4.5	7/1/2040	1570299	 173,141 	 5,848.82 	182800.42	174841.73	105.5792	100.9824929	 (7,958.69)	12/31/2025	Model2501	100	LMMSOFRFLAT	RFRSwap	4.27	3.94	-0.18	0.040	 69 	0.16	0.25	0.52	1.34	1.64	0.05	-0.01	4.9	8.1	56	37	0.11	10.9	5.03	188	 86,143 	NA	NA	2.33	0.03	6.92	3.40	0.04	3.83	4.15	0.04	-4.03	4.24	0.04	-8.03
AFS	614831	312941RS8	Agency MBS 30yr	G-2-Q	FREDDIE MAC	0.10800457	4.5	7/1/2040	1671841	 180,566 	 5,885.74 	193243.53	181821.94	107.0207	100.6952944	 (11,421.59)	12/31/2025	Model2501	100	LMMSOFRFLAT	RFRSwap	4.36	4.31	-0.21	0.044	 79 	0.14	0.23	0.50	1.30	1.96	0.20	-0.02	5.5	7.7	58	40	0.11	11.1	5.02	188	 89,924 	NA	NA	2.31	0.03	7.42	3.67	0.04	4.17	4.56	0.04	-4.40	4.68	0.04	-8.77
