Book	Position ID	CUSIP	Sub Type	PRODUCT_CODE_2052a_Collateral_Class	Issuer	Current Factor	Coupon	Maturity Date	Nominal	CA_NOTIONAL	TOTAL_PAYDOWN_BOOK_VALUE	MTB_BOOK VALUE (Clean)	PV_NET (MV Clean)	MTB_BOOK PRICE (Clean)	PRICE (Mkt)	NPV_DISC (Clean MTM)	Curve Date	Prepay Model	Prepay Rate	Vol Model	Curve Type	Forward Yield	Effective Duration	Effective Convexity	Effective DV01	Dollar Duration	1YR	2YR	3YR	5YR	10YR	20YR	30YR	Average Life	LT CPR	OAS	Z-Spread	Factor	Life CPR	GWAC	WALA	WALS	MaxServicerName	MaxServicerPercent	Eff. Dur	DV01	Dollar Return	Eff. Dur	DV01	Dollar Return	Eff. Dur	DV01	Dollar Return	Eff. Dur	DV01	Dollar Return
PUB_HTM	613580	3136BDL55	Agency CMO	G-3-Q	FANNIE MAE	0.76179057	1.25	2/1/2051	100000000	 76,179,057 	 2,443,920.64 	68231908.26	59300307.11	89.5678	77.84332	-8931601.14	12/31/2025	Model2501	100	LMMSOFRFLAT	RFRSwap	4.31	8.60	0.39	0.067	 51,082 	0.04	0.06	0.17	0.92	3.55	3.53	0.36	9.7	4.8	20	48	0.76	3.1	#SPILL!	#SPILL!	#SPILL!	#SPILL!	#SPILL!	7.39	0.07	13.68	8.12	0.07	6.82	8.99	0.06	-6.57	9.08	0.06	-12.76
PUB_HTM	614461	3136BDM39	Agency CMO	G-3-Q	FANNIE MAE	0.75131196	1.5	2/1/2051	50000000	 37,565,598 	 1,095,954.06 	34019681.99	28593441.84	90.5607	76.11603	-5426240.15	12/31/2025	Model2501	100	LMMSOFRFLAT	RFRSwap	4.77	8.76	0.57	0.067	 25,081 	0.04	0.06	0.16	0.90	3.55	3.65	0.42	10.0	4.4	66	95	0.75	3.3	2.89	61	 577,139 	#SPILL!	#SPILL!	7.57	0.07	13.71	8.27	0.07	6.82	9.02	0.06	-6.49	9.05	0.06	-12.55
PUB_HTM	613898	3136BDV54	Agency CMO	G-3-Q	FANNIE MAE	0.62789048	1.25	2/1/2051	42649533	 26,779,236 	 1,691,733.32 	23944615.56	20698820.14	89.4149	77.29429	-3245795.42	12/31/2025	Model2501	100	LMMSOFRFLAT	RFRSwap	5.06	7.79	0.15	0.060	 16,136 	0.07	0.10	0.23	1.07	3.29	2.73	0.34	8.2	7.5	96	136	0.63	6.7	2.88	61	 274,809 	#SPILL!	#SPILL!	6.59	0.06	12.03	7.23	0.06	6.05	8.50	0.06	-6.04	9.02	0.06	-12.06
PUB_HTM	613792	3136BFCB7	Agency CMO	G-3-Q	FANNIE MAE	0.77697986	1.25	3/1/2051	25000000	 19,424,497 	 740,264.64 	17282611.03	14540661.39	88.9733	74.85734	-2741949.64	12/31/2025	Model2501	100	LMMSOFRFLAT	RFRSwap	4.70	8.86	0.64	0.066	 12,905 	0.04	0.06	0.16	0.90	3.64	3.69	0.41	10.0	4.3	59	88	0.77	2.7	2.72	61	 555,649 	#SPILL!	#SPILL!	7.77	0.07	13.74	8.41	0.07	6.81	9.09	0.06	-6.44	9.09	0.06	-12.42
AFS	612988	3136BR3G0	Agency CMO	G-3-Q	FANNIE MAE	0.71871411	5.5	11/1/2047	128408000	 92,288,641 	 12,611,080.59 	91925601.8	94234335.18	99.6066	102.10827	2308733.37	12/31/2025	Model2501	100	LMMSOFRFLAT	RFRSwap	4.54	1.06	-1.84	0.011	 10,036 	0.40	0.38	0.41	0.38	-0.21	-0.27	-0.04	2.5	19.1	51	97	0.72	14.3	6.96	34	 228,691 	#SPILL!	#SPILL!	0.43	0.00	0.47	-0.09	0.00	0.36	2.59	0.03	-1.93	3.52	0.03	-5.00
AFS	613938	3136BR4M6	Agency CMO	G-3-Q	FANNIE MAE	0.75869096	5.5	1/1/2047	30000000	 22,760,729 	 3,211,585.18 	22644292.05	23238085.01	99.4884	102.09728	593792.97	12/31/2025	Model2501	100	LMMSOFRFLAT	RFRSwap	4.53	0.72	-2.15	0.007	 1,687 	0.42	0.35	0.34	0.26	-0.32	-0.32	-0.05	2.3	19.3	42	92	0.76	12.1	6.96	25	 251,046 	#SPILL!	#SPILL!	0.44	0.00	0.18	-0.21	0.00	0.04	2.49	0.03	-1.72	3.48	0.03	-4.74
AFS	614798	3136BSA47	Agency CMO	G-3-Q	FANNIE MAE	0.78248943	5	11/1/2050	31280000	 24,476,269 	 3,857,869.53 	24354115.96	24778015.27	99.5009	101.23281	423899.31	12/31/2025	Model2501	100	LMMSOFRFLAT	RFRSwap	4.24	0.76	-2.06	0.008	 1,900 	0.45	0.33	0.27	0.18	-0.24	-0.23	-0.03	1.9	19.4	17	68	0.78	11.6	#SPILL!	#SPILL!	#SPILL!	#SPILL!	#SPILL!	0.37	0.00	0.22	-0.20	0.00	0.08	2.44	0.02	-1.69	3.49	0.03	-4.65
AFS	613038	3136BSC29	Agency CMO	G-3-Q	FANNIE MAE	0.75634528	5.25	1/1/2051	50000000	 37,817,264 	 6,327,264.48 	37850905.69	38368269.1	100.089	101.45702	517363.41	12/31/2025	Model2501	100	LMMSOFRFLAT	RFRSwap	4.37	0.61	-2.09	0.006	 2,364 	0.46	0.32	0.26	0.14	-0.30	-0.27	-0.04	1.9	19.6	29	79	0.73	13.0	6.99	19	 279,197 	#SPILL!	#SPILL!	0.38	0.00	0.10	-0.24	0.00	-0.04	2.36	0.02	-1.58	3.46	0.03	-4.50
AFS	613717	3136BSC60	Agency CMO	G-3-Q	FANNIE MAE	0.75634529	5	1/1/2051	37779000	 28,573,969 	 4,752,454.44 	28432205.89	28922593.99	99.5039	101.22008	490388.1	12/31/2025	Model2501	100	LMMSOFRFLAT	RFRSwap	4.25	0.80	-2.06	0.008	 2,324 	0.45	0.33	0.27	0.19	-0.22	-0.22	-0.03	1.9	19.6	18	69	0.73	13.0	6.99	19	 279,197 	#SPILL!	#SPILL!	0.39	0.00	0.28	-0.17	0.00	0.11	2.48	0.02	-1.73	3.54	0.03	-4.73
AFS	613151	3136BSK46	Agency CMO	G-3-Q	FANNIE MAE	0.8054863	5	1/1/2051	53063919	 42,742,260 	 5,730,632.63 	42742259.78	42870725.91	100	100.30056	128466.14	12/31/2025	Model2501	100	LMMSOFRFLAT	RFRSwap	4.72	1.51	-1.89	0.015	 6,487 	0.41	0.36	0.34	0.39	0.08	-0.05	0.00	2.0	19.7	70	125	0.78	10.1	6.98	19	 258,372 	#SPILL!	#SPILL!	0.42	0.00	0.97	0.14	0.00	0.69	2.92	0.03	-2.27	3.86	0.04	-5.57
AFS	613039	3136BSM77	Agency CMO	G-3-Q	FANNIE MAE	0.78546191	5	1/1/2051	37096662	 29,138,015 	 4,406,400.67 	28993286.95	29475369.1	99.5033	101.15778	482082.16	12/31/2025	Model2501	100	LMMSOFRFLAT	RFRSwap	4.29	0.89	-2.06	0.009	 2,646 	0.45	0.34	0.28	0.22	-0.18	-0.20	-0.03	2.0	20.0	22	74	0.79	11.0	#SPILL!	#SPILL!	#SPILL!	#SPILL!	#SPILL!	0.40	0.00	0.36	-0.13	0.00	0.18	2.57	0.03	-1.82	3.65	0.04	-4.91
AFS	613023	3136BSVV4	Agency CMO	G-3-Q	FANNIE MAE	0.79429989	5.5	2/1/2051	47888000	 38,037,433 	 4,063,205.41 	37665377.56	38539280.01	99.0219	101.31935	873902.44	12/31/2025	Model2501	100	LMMSOFRFLAT	RFRSwap	4.76	0.90	-1.99	0.009	 3,484 	0.43	0.36	0.31	0.23	-0.20	-0.22	-0.03	2.1	18.8	68	121	0.76	10.6	6.94	26	 251,064 	#SPILL!	#SPILL!	0.36	0.00	0.28	-0.20	0.00	0.18	2.51	0.03	-1.79	3.49	0.03	-4.79
AFS	612661	3136BSY25	Agency CMO	G-3-Q	FANNIE MAE	0.83641787	5.25	12/1/2047	20000000	 16,728,357 	 1,978,520.45 	16793790.18	17002556.92	100.3911	101.63913	208766.75	12/31/2025	Model2501	100	LMMSOFRFLAT	RFRSwap	4.49	1.06	-2.14	0.011	 1,818 	0.40	0.35	0.35	0.36	-0.13	-0.25	-0.04	2.4	20.3	36	90	0.84	10.4	6.96	19	 286,053 	#SPILL!	#SPILL!	0.49	0.01	0.54	-0.05	0.00	0.31	2.84	0.03	-2.05	3.88	0.04	-5.40
AFS	613164	3136BTJZ7	Agency CMO	G-3-Q	FANNIE MAE	0.93614895	5.5	11/1/2054	69264258	 64,841,662 	 2,432,158.61 	64966885.28	66287235.94	100.1931	102.22939	1320350.65	12/31/2025	Model2501	100	LMMSOFRFLAT	RFRSwap	4.98	2.47	-1.31	0.025	 16,474 	0.27	0.32	0.49	0.71	0.66	0.11	-0.03	5.3	14.4	74	126	0.93	7.3	6.54	16	 276,752 	#SPILL!	#SPILL!	1.11	0.01	2.62	1.02	0.01	1.67	4.04	0.04	-3.37	4.90	0.05	-7.78
AFS	614419	3136BTMG5	Agency CMO	G-3-Q	FANNIE MAE	0.88263013	5	10/1/2054	50000000	 44,131,507 	 2,687,015.45 	44082940.02	44854548.28	99.89	101.63838	771608.26	12/31/2025	Model2501	100	LMMSOFRFLAT	RFRSwap	4.64	2.89	-0.60	0.029	 12,997 	0.26	0.34	0.48	0.74	0.87	0.21	-0.04	5.3	14.5	44	90	0.88	9.2	6.45	35	 220,845 	#SPILL!	#SPILL!	0.95	0.01	3.07	1.31	0.01	2.12	4.01	0.04	-3.53	4.58	0.04	-7.69
AFS	614651	3136BTZA4	Agency CMO	G-3-Q	FANNIE MAE	0.85717918	5	3/1/2051	44601547	 38,231,517 	 3,400,822.93 	37627344.99	38211549.16	98.4197	99.94777	584204.18	12/31/2025	Model2501	100	LMMSOFRFLAT	RFRSwap	4.93	1.95	-1.53	0.020	 7,501 	0.36	0.41	0.44	0.58	0.19	-0.01	0.00	2.4	17.4	96	148	0.85	8.2	6.97	16	 183,753 	#SPILL!	#SPILL!	0.43	0.00	1.47	0.42	0.00	1.15	3.12	0.03	-2.58	3.86	0.04	-5.96
AFS	614676	3136BUWF3	Agency CMO	G-3-Q	FANNIE MAE	0.83654008	5.5	5/1/2051	39000000	 32,625,063 	 3,664,993.98 	32584261.41	33253650.21	99.8749	101.9267	669388.8	12/31/2025	Model2501	100	LMMSOFRFLAT	RFRSwap	4.55	0.72	-2.07	0.007	 2,405 	0.44	0.37	0.32	0.22	-0.32	-0.30	-0.04	2.2	17.8	44	96	0.82	11.8	#SPILL!	#SPILL!	#SPILL!	#SPILL!	#SPILL!	0.33	0.00	-0.04	-0.38	0.00	0.00	2.45	0.02	-1.69	3.50	0.03	-4.69
AFS	614112	3136BUY46	Agency CMO	G-3-Q	FANNIE MAE	0.8812876	5.5	3/1/2051	100000000	 88,128,760 	 7,773,506.35 	88260995.76	89951835.59	100.15	102.06865	1690839.83	12/31/2025	Model2501	100	LMMSOFRFLAT	RFRSwap	4.57	0.75	-2.15	0.008	 6,805 	0.43	0.38	0.34	0.26	-0.32	-0.32	-0.05	2.4	16.8	42	97	0.86	9.4	6.85	12	 238,102 	#SPILL!	#SPILL!	0.31	0.00	-0.15	-0.48	0.00	-0.04	2.56	0.03	-1.76	3.60	0.04	-4.88
AFS	613341	3136BVAL2	Agency CMO	G-3-Q	FANNIE MAE	0.84508636	5.5	2/1/2052	56793000	 47,994,990 	 6,156,097.96 	47919171.97	48976693.56	99.842	102.04543	1057521.58	12/31/2025	Model2501	100	LMMSOFRFLAT	RFRSwap	4.53	0.79	-2.10	0.008	 3,866 	0.43	0.37	0.33	0.23	-0.26	-0.30	-0.04	2.4	18.9	40	93	0.83	12.8	6.93	25	 245,733 	#SPILL!	#SPILL!	0.36	0.00	0.09	-0.28	0.00	0.07	2.59	0.03	-1.79	3.70	0.04	-4.96
AFS	613835	3136BVVM7	Agency CMO	G-3-Q	FANNIE MAE	0.92574755	5.5	12/1/2051	119833351	 110,935,431 	 6,777,390.51 	110830070.3	112915639.6	99.905	101.78501	2085569.34	12/31/2025	Model2501	100	LMMSOFRFLAT	RFRSwap	5.03	1.91	-2.70	0.019	 21,615 	0.33	0.36	0.41	0.63	0.40	-0.17	-0.04	3.8	12.3	65	136	0.91	7.6	6.87	13	 396,170 	#SPILL!	#SPILL!	0.34	0.00	0.69	-0.19	0.00	0.71	3.99	0.04	-3.10	5.11	0.05	-7.55
AFS	612900	3136BWLU8	Agency CMO	G-3-Q	FANNIE MAE	0.90492607	5.25	2/1/2052	67136000	 60,753,117 	 5,521,335.10 	60273832.59	60989774.33	99.2111	100.38954	715941.74	12/31/2025	Model2501	100	LMMSOFRFLAT	RFRSwap	5.00	1.80	-1.76	0.018	 11,053 	0.37	0.39	0.42	0.53	0.17	-0.05	-0.01	2.5	18.1	95	151	0.90	11.2	6.94	18	 220,356 	#SPILL!	#SPILL!	0.46	0.00	1.28	0.33	0.00	0.98	3.20	0.03	-2.56	4.08	0.04	-6.10
PUB_HTM	612505	3137F9L58	Agency CMO	G-3-Q	FREDDIE MAC	0.64140188	1.25	2/1/2051	15000000	 9,621,028 	 327,824.55 	8555850.2	7496698.44	88.9286	77.91993	-1059151.76	12/31/2025	Model2501	100	LMMSOFRFLAT	RFRSwap	4.64	8.43	0.10	0.066	 6,325 	0.05	0.07	0.17	0.97	3.58	3.23	0.39	8.8	6.6	49	89	0.64	6.6	#SPILL!	#SPILL!	#SPILL!	#SPILL!	#SPILL!	6.86	0.06	13.00	7.73	0.07	6.57	9.21	0.07	-6.57	9.73	0.06	-13.07
PUB_HTM	614278	3137FFF69	Agency CMO	G-3-Q	FREDDIE MAC	0.64713957	1.5	3/1/2051	25000000	 16,178,489 	 556,832.02 	14753859.76	12744944.65	91.1943	78.7771	-2008915.11	12/31/2025	Model2501	100	LMMSOFRFLAT	RFRSwap	4.89	7.77	0.23	0.061	 9,913 	0.07	0.10	0.23	1.07	3.26	2.76	0.32	8.5	6.7	80	113	0.64	6.4	2.87	60	 285,068 	#SPILL!	#SPILL!	6.52	0.06	12.24	7.22	0.06	6.16	8.31	0.06	-6.08	8.80	0.06	-12.07
PUB_HTM	613226	3137FFFL6	Agency CMO	G-3-Q	FREDDIE MAC	0.68792685	1.5	3/1/2051	25000000	 17,198,171 	 573,951.98 	15613245.55	13314710.67	90.7843	77.41934	-2298534.88	12/31/2025	Model2501	100	LMMSOFRFLAT	RFRSwap	4.96	8.16	0.35	0.063	 10,884 	0.06	0.08	0.18	1.00	3.44	3.07	0.38	9.0	6.1	85	120	0.68	5.2	2.83	59	 322,899 	#SPILL!	#SPILL!	6.92	0.06	12.80	7.65	0.06	6.41	8.67	0.06	-6.25	8.97	0.06	-12.30
PUB_HTM	614037	3137FFHX8	Agency CMO	G-3-Q	FREDDIE MAC	0.63512185	1.5	11/1/2050	50000000	 31,756,093 	 923,067.92 	28733031.05	24365522.5	90.4804	76.72708	-4367508.56	12/31/2025	Model2501	100	LMMSOFRFLAT	RFRSwap	5.22	8.31	0.13	0.064	 20,271 	0.06	0.08	0.17	1.01	3.57	3.08	0.38	8.7	6.8	109	150	0.63	6.9	3.48	62	 278,591 	#SPILL!	#SPILL!	6.95	0.06	12.73	7.68	0.06	6.39	9.07	0.06	-6.38	9.62	0.06	-12.71
PUB_HTM	614583	3137FYA63	Agency CMO	G-3-Q	FREDDIE MAC	0.54839391	2	9/1/2050	25000000	 13,709,848 	 471,179.07 	12964729	11363251.02	94.5651	82.88386	-1601477.99	12/31/2025	Model2501	100	LMMSOFRFLAT	RFRSwap	4.79	7.43	-0.09	0.062	 8,461 	0.07	0.09	0.23	1.06	3.20	2.55	0.26	8.3	7.3	68	103	0.54	10.0	3.96	65	 270,838 	#SPILL!	#SPILL!	5.86	0.06	11.96	6.76	0.06	6.12	8.16	0.06	-6.23	8.88	0.06	-12.52
PUB_HTM	614782	3137FYGW0	Agency CMO	G-3-Q	FREDDIE MAC	0.48527737	1.5	4/1/2051	25000000	 12,131,934 	 773,623.99 	11355321.67	10353577.09	93.5986	85.34152	-1001744.58	12/31/2025	Model2501	100	LMMSOFRFLAT	RFRSwap	4.73	5.04	0.25	0.043	 5,228 	0.11	0.17	0.38	1.41	2.42	0.52	0.05	5.5	9.1	96	107	0.49	10.7	#SPILL!	#SPILL!	#SPILL!	#SPILL!	#SPILL!	4.79	0.05	8.95	4.99	0.04	4.41	5.14	0.04	-4.23	5.39	0.04	-8.39
PUB_HTM	613786	3137FYNM4	Agency CMO	G-3-Q	FREDDIE MAC	0.63095662	1.75	4/1/2051	50000000	 31,547,831 	 1,054,257.79 	28864989.22	25519545.26	91.496	80.8916	-3345443.95	12/31/2025	Model2501	100	LMMSOFRFLAT	RFRSwap	4.89	7.44	0.06	0.060	 19,032 	0.08	0.11	0.24	1.06	3.09	2.59	0.32	8.3	7.5	79	113	0.63	7.1	#SPILL!	#SPILL!	#SPILL!	#SPILL!	#SPILL!	6.15	0.06	11.91	6.87	0.06	6.02	8.09	0.06	-6.04	8.77	0.06	-12.12
AFS	613756	3137HBSS4	Agency CMO	G-3-Q	FREDDIE MAC	0.79988748	5.5	5/1/2051	36447161	 29,153,628 	 2,648,724.80 	28949969.28	29568393.51	99.3014	101.42269	618424.23	12/31/2025	Model2501	100	LMMSOFRFLAT	RFRSwap	4.88	1.07	-1.68	0.011	 3,189 	0.41	0.37	0.36	0.34	-0.15	-0.26	-0.04	2.5	19.3	77	131	0.80	13.0	#SPILL!	#SPILL!	#SPILL!	#SPILL!	#SPILL!	0.48	0.00	0.72	0.07	0.00	0.49	2.64	0.03	-1.94	3.52	0.03	-4.98
AFS	613177	3137HCS94	Agency CMO	G-3-Q	FREDDIE MAC	0.67819181	5.5	12/1/2048	30370319	 20,596,902 	 3,750,997.23 	20435837.56	20775876.33	99.218	100.86894	340038.77	12/31/2025	Model2501	100	LMMSOFRFLAT	RFRSwap	4.68	0.51	-1.83	0.005	 1,065 	0.50	0.30	0.21	-0.04	-0.28	-0.19	-0.02	1.4	19.1	84	116	0.68	11.5	6.99	22	 260,953 	#SPILL!	#SPILL!	0.33	0.00	0.14	-0.10	0.00	-0.02	1.83	0.02	-1.27	2.54	0.02	-3.46
AFS	614333	3137HCVM1	Agency CMO	G-3-Q	FREDDIE MAC	0.69787295	5.5	7/1/2049	45000000	 31,404,283 	 4,589,723.42 	31004890.82	31641677.14	98.7282	100.75593	636786.32	12/31/2025	Model2501	100	LMMSOFRFLAT	RFRSwap	4.90	0.98	-1.54	0.010	 3,112 	0.45	0.38	0.32	0.15	-0.18	-0.14	-0.02	1.7	17.7	104	142	0.70	11.3	6.89	30	 226,085 	#SPILL!	#SPILL!	0.33	0.00	0.44	-0.06	0.00	0.32	2.16	0.02	-1.65	2.87	0.03	-4.15
AFS	613549	3137HD2K5	Agency CMO	G-3-Q	FREDDIE MAC	0.7441811	5.5	7/1/2046	70000000	 52,092,677 	 7,103,114.79 	51831714.38	52904754.95	99.499	101.55891	1073040.58	12/31/2025	Model2501	100	LMMSOFRFLAT	RFRSwap	4.73	1.07	-1.98	0.011	 5,692 	0.40	0.37	0.39	0.37	-0.21	-0.24	-0.03	2.3	19.2	70	117	0.74	12.1	6.99	21	 262,698 	#SPILL!	#SPILL!	0.48	0.00	0.54	-0.07	0.00	0.33	2.63	0.03	-1.95	3.51	0.03	-5.02
AFS	614444	3137HDGR5	Agency CMO	G-3-Q	FREDDIE MAC	0.72313541	5.5	11/1/2050	72000000	 52,065,750 	 7,041,891.98 	51782084.09	52558499.77	99.4552	100.9464	776415.68	12/31/2025	Model2501	100	LMMSOFRFLAT	RFRSwap	4.90	1.08	-1.84	0.011	 5,681 	0.43	0.37	0.33	0.27	-0.14	-0.16	-0.02	2.0	18.6	90	138	0.70	12.3	#SPILL!	#SPILL!	#SPILL!	#SPILL!	#SPILL!	0.36	0.00	0.50	-0.08	0.00	0.36	2.52	0.03	-1.88	3.43	0.03	-4.82
AFS	613741	3137HHMA6	Agency CMO	G-3-Q	FREDDIE MAC	0.85912399	5.5	8/1/2050	42117000	 36,183,725 	 2,945,007.00 	36246795.27	36683281.21	100.1743	101.38061	436485.95	12/31/2025	Model2501	100	LMMSOFRFLAT	RFRSwap	4.90	1.06	-2.12	0.011	 3,912 	0.41	0.38	0.36	0.37	-0.18	-0.25	-0.04	2.4	14.8	74	135	0.83	8.7	6.55	19	 266,066 	#SPILL!	#SPILL!	0.32	0.00	0.09	-0.41	0.00	0.17	2.69	0.03	-1.98	3.60	0.03	-5.11
AFS	613961	3137HJEG8	Agency CMO	G-3-Q	FREDDIE MAC	0.84036283	5.5	2/1/2051	120000000	 100,843,540 	 11,984,989.45 	100962895.2	102845465.4	100.1184	101.98518	1882570.17	12/31/2025	Model2501	100	LMMSOFRFLAT	RFRSwap	4.40	0.51	-1.99	0.005	 5,231 	0.46	0.35	0.28	0.13	-0.39	-0.32	-0.04	2.1	18.6	34	80	0.82	11.5	6.92	13	 245,058 	#SPILL!	#SPILL!	0.34	0.00	-0.15	-0.41	0.00	-0.12	2.24	0.02	-1.46	3.33	0.03	-4.28
AFS	614395	3137HJTQ0	Agency CMO	G-3-Q	FREDDIE MAC	0.84139521	5.5	5/1/2051	74944000	 63,057,523 	 7,558,557.27 	63268676.83	64293349.17	100.3349	101.95984	1024672.34	12/31/2025	Model2501	100	LMMSOFRFLAT	RFRSwap	4.53	0.66	-2.15	0.007	 4,259 	0.45	0.36	0.31	0.20	-0.33	-0.31	-0.05	2.3	18.1	41	93	0.82	11.4	6.94	16	 251,253 	#SPILL!	#SPILL!	0.34	0.00	-0.09	-0.41	0.00	-0.06	2.47	0.02	-1.67	3.56	0.03	-4.71
AFS	613692	3137HK5V2	Agency CMO	G-3-Q	FREDDIE MAC	0.89436529	5.5	11/1/2050	51313000	 45,892,566 	 3,273,002.19 	45918270.51	46540890.41	100.056	101.4127	622619.89	12/31/2025	Model2501	100	LMMSOFRFLAT	RFRSwap	4.94	1.33	-2.10	0.014	 6,197 	0.40	0.41	0.40	0.47	-0.09	-0.23	-0.03	2.7	14.1	80	141	0.89	7.8	#SPILL!	#SPILL!	#SPILL!	#SPILL!	#SPILL!	0.28	0.00	0.19	-0.36	0.00	0.36	2.95	0.03	-2.24	3.89	0.04	-5.63
AFS	613124	3137HK5Z3	Agency CMO	G-3-Q	FREDDIE MAC	0.85719268	5.25	2/1/2051	76146000	 65,271,794 	 7,661,477.19 	65010698.71	65588805.86	99.6	100.48568	578107.15	12/31/2025	Model2501	100	LMMSOFRFLAT	RFRSwap	4.92	1.48	-1.87	0.015	 9,756 	0.41	0.38	0.36	0.42	0.03	-0.09	-0.01	2.2	18.4	88	143	0.86	10.7	6.93	12	 262,229 	#SPILL!	#SPILL!	0.41	0.00	0.85	0.03	0.00	0.64	2.91	0.03	-2.26	3.81	0.04	-5.54
AFS	613563	3137HKCN2	Agency CMO	G-3-Q	FREDDIE MAC	0.8495799	5.5	9/1/2051	65734000	 55,846,285 	 6,698,210.86 	55905540.38	56726551.05	100.1061	101.57623	821010.66	12/31/2025	Model2501	100	LMMSOFRFLAT	RFRSwap	4.74	0.95	-2.11	0.010	 5,423 	0.43	0.37	0.34	0.29	-0.20	-0.25	-0.04	2.3	18.0	61	116	0.84	11.8	6.95	18	 240,511 	#SPILL!	#SPILL!	0.36	0.00	0.23	-0.24	0.00	0.19	2.69	0.03	-1.92	3.72	0.04	-5.12
AFS	613591	3137HL3K6	Agency CMO	G-3-Q	FREDDIE MAC	0.94290066	5	2/1/2052	50000000	 47,145,033 	 2,336,057.72 	46455245.52	47321284.71	98.5369	100.37385	866039.18	12/31/2025	Model2501	100	LMMSOFRFLAT	RFRSwap	4.89	2.91	-2.32	0.029	 13,804 	0.28	0.35	0.45	0.85	0.92	0.10	-0.01	4.3	11.3	58	128	0.93	6.1	#SPILL!	#SPILL!	#SPILL!	#SPILL!	#SPILL!	0.50	0.01	2.04	0.55	0.01	1.69	4.67	0.05	-3.86	5.68	0.05	-8.78
AFS	612395	3137HLB43	Agency CMO	G-3-Q	FREDDIE MAC	0.89914442	5	2/1/2052	25000000	 22,478,611 	 2,120,429.31 	22390816.93	22571818.06	99.6094	100.41465	181001.13	12/31/2025	Model2501	100	LMMSOFRFLAT	RFRSwap	4.77	1.88	-1.89	0.019	 4,264 	0.36	0.38	0.41	0.56	0.24	-0.05	-0.01	2.6	17.3	65	126	0.88	11.0	#SPILL!	#SPILL!	#SPILL!	#SPILL!	#SPILL!	0.44	0.00	1.23	0.26	0.00	0.97	3.40	0.03	-2.70	4.31	0.04	-6.44
AFS	612520	3137HLDB5	Agency CMO	G-3-Q	FREDDIE MAC	0.89507796	5	10/1/2051	27466000	 24,584,211 	 2,287,136.56 	24232316.53	24655753.76	98.5686	100.29101	423437.24	12/31/2025	Model2501	100	LMMSOFRFLAT	RFRSwap	4.79	1.82	-1.90	0.018	 4,499 	0.38	0.38	0.39	0.53	0.20	-0.04	0.00	2.4	17.9	70	131	0.88	10.5	6.92	11	 248,136 	#SPILL!	#SPILL!	0.43	0.00	1.17	0.22	0.00	0.92	3.30	0.03	-2.61	4.23	0.04	-6.26
AFS	612767	3137HLJN3	Agency CMO	G-3-Q	FREDDIE MAC	0.8914402	5.25	3/1/2049	50000000	 44,572,010 	 4,706,643.24 	44443562.72	45151958.71	99.7118	101.30115	708395.99	12/31/2025	Model2501	100	LMMSOFRFLAT	RFRSwap	4.71	1.62	-2.00	0.017	 7,359 	0.36	0.36	0.43	0.56	0.12	-0.17	-0.03	2.8	19.0	59	114	0.89	14.3	6.95	18	 260,536 	#SPILL!	#SPILL!	0.55	0.01	1.13	0.22	0.00	0.79	3.23	0.03	-2.52	4.14	0.04	-6.14
AFS	613395	31393BWF8	Agency CMO	G-3-Q	FANNIE MAE	0	4	5/1/2033	0	 -   	 -   	0	0	0		0	12/31/2025	Model2501	100	LMMSOFRFLAT	RFRSwap	Error	Error	Error	Error	#VALUE!	Error	Error	Error	Error	Error	Error	Error	Error	Error	Error	Error	0.00	21.0	6.97	287	 43,475 	#SPILL!	#SPILL!	Error	Error	Error	Error	Error	Error	Error	Error	Error	Error	Error	Error
AFS	614797	31393DYT2	Agency CMO	G-3-Q	FANNIE MAE	0.00474926	3.5	8/1/2033	2000000	 9,499 	 2,118.79 	9928.55	9410.76	104.5273	99.07604	-517.79	12/31/2025	Model2501	100	LMMSOFRFLAT	RFRSwap	4.15	1.10	-0.01	0.011	 1 	0.50	0.53	0.05	0.01	0.00	0.00	0.00	1.1	10.6	74	73	0.00	16.3	5.93	271	 63,054 	#SPILL!	#SPILL!	0.97	0.01	2.11	1.06	0.01	1.08	1.13	0.01	-1.10	1.14	0.01	-2.21
AFS	613324	31397N6V2	Agency CMO	G-3-Q	FANNIE MAE	0.00051711	5.25	7/1/2039	100000000	 51,711 	 1,501.86 	55523.55	52374.21	107.3728	101.28254	-3149.34	12/31/2025	Model2501	100	LMMSOFRFLAT	RFRSwap	4.91	3.52	-0.64	0.036	 18 	0.20	0.27	0.50	1.20	1.36	0.00	-0.02	4.6	9.0	110	126	0.00	34.9	5.75	211	 452,158 	BANK OF AMERICA, NATIONAL ASSOCIATION	100	2.46	0.03	5.94	2.76	0.03	3.23	4.02	0.04	-3.80	4.24	0.04	-7.78
AFS	613735	31398FXJ5	Agency CMO	G-3-Q	FANNIE MAE	0.03144326	4	11/1/2049	777178	 24,437 	 354.93 	25633.49	22963.71	104.8962	93.97104	-2669.78	12/31/2025	Model2501	100	LMMSOFRFLAT	RFRSwap	5.06	5.76	0.01	0.054	 13 	0.12	0.18	0.38	1.20	2.47	1.38	0.04	7.2	8.3	112	127	0.03	23.7	6.61	217	 186,193 	#SPILL!	#SPILL!	4.55	0.05	10.34	5.23	0.05	5.36	5.97	0.05	-5.39	5.96	0.05	-10.56
AFS	613443	38374VUX5	Agency CMO	A-4-Q	GOVERNMENT NATIONAL MORTGAGE A	0.003445275	5	6/1/2039	1000000	 3,445 	 3,734.66 	3530.96	3442.55	102.4871	99.92096	-88.41	12/31/2025	Model2501	100	LMMSOFRFLAT	RFRSwap	4.34	0.20	-0.01	0.002	 0 	0.21	0.00	0.00	0.00	0.00	0.00	0.00	0.2	9.0	69	65	0.00	22.0	6.00	209	 89,232 	NA	NA	0.16	0.00	0.37	0.18	0.00	0.19	0.22	0.00	-0.21	0.24	0.00	-0.44
AFS	614605	38376CJT7	Agency CMO	A-4-Q	GOVERNMENT NATIONAL MORTGAGE A	0.004569976	4	6/1/2039	2000000	 9,140 	 4,250.08 	9487.98	9120.37	103.8077	99.7857	-367.61	12/31/2025	Model2501	100	LMMSOFRFLAT	RFRSwap	4.02	0.51	-0.06	0.005	 0 	0.52	0.00	0.00	0.00	0.00	0.00	0.00	0.5	8.8	47	44	0.00	17.9	5.86	197	 72,834 	NA	NA	0.34	0.00	0.88	0.45	0.00	0.48	0.58	0.01	-0.55	0.61	0.01	-1.14
AFS	632189	38381N3P1	Agency CMO	A-4-Q	GOVERNMENT NATIONAL MORTGAGE A	0.989334394	5	6/1/2051	70278598	 69,529,034 	 745,698.90 	69173974.55	70045683.56	99.4893	100.74307	871709.01	12/31/2025	Model2501	100	LMMSOFRFLAT	RFRSwap	4.63	1.63	-2.28	0.016	 11,455 	0.38	0.36	0.38	0.49	0.11	-0.08	-0.01	2.3	16.6	54	111	0.99	1.5	6.53	6	 240,177 	NA	NA	0.42	0.00	1.14	0.37	0.00	0.82	3.56	0.04	-2.67	4.73	0.04	-6.71
AFS	614763	38381NUE6	Agency CMO	A-4-Q	GOVERNMENT NATIONAL MORTGAGE A	0.939997439	5	4/1/2051	35382357	 33,259,325 	 2,100,476.60 	32912118.59	33495708.97	98.9561	100.71073	583590.37	12/31/2025	Model2501	100	LMMSOFRFLAT	RFRSwap	4.58	1.41	-1.93	0.014	 4,748 	0.38	0.35	0.36	0.40	0.02	-0.09	-0.01	2.0	17.1	56	108	0.94	10.0	6.58	8	 224,624 	NA	NA	0.33	0.00	1.01	0.32	0.00	0.74	3.04	0.03	-2.26	4.23	0.04	-5.84
AFS	632203	38381NZP6	Agency CMO	A-4-Q	GOVERNMENT NATIONAL MORTGAGE A	0.973845485	5	3/1/2049	86327000	 84,069,159 	 2,252,196.21 	83860061.49	84729732.6	99.7513	100.78575	869671.11	12/31/2025	Model2501	100	LMMSOFRFLAT	RFRSwap	4.81	3.72	-1.22	0.038	 31,669 	0.19	0.28	0.52	1.31	1.31	0.13	0.00	4.6	11.9	76	119	0.97	3.4	6.51	15	 322,754 	NA	NA	2.01	0.02	5.45	2.50	0.03	3.15	4.88	0.05	-4.30	5.66	0.05	-9.30
AFS	632216	38381NZR2	Agency CMO	A-4-Q	GOVERNMENT NATIONAL MORTGAGE A	0.976541946	5	9/1/2048	50000000	 48,827,097 	 1,168,091.97 	48628965.88	49395185.93	99.5942	101.16347	766220.04	12/31/2025	Model2501	100	LMMSOFRFLAT	RFRSwap	4.75	4.28	-0.63	0.043	 21,207 	0.13	0.25	0.53	1.53	1.72	0.14	0.00	5.4	9.5	78	109	0.98	2.8	6.51	12	 233,636 	NA	NA	2.93	0.03	7.39	3.47	0.04	4.00	5.08	0.05	-4.65	5.74	0.05	-9.78
AFS	632209	38381PAZ6	Agency CMO	A-4-Q	GOVERNMENT NATIONAL MORTGAGE A	0.987389813	5	1/1/2050	49029486	 48,411,215 	 616,242.29 	48260191.01	48603993.31	99.688	100.39821	343802.3	12/31/2025	Model2501	100	LMMSOFRFLAT	RFRSwap	4.84	2.05	-2.14	0.021	 10,029 	0.35	0.39	0.44	0.72	0.27	-0.09	-0.01	2.9	11.7	73	133	0.99	0.6	6.06	7	 250,276 	NA	NA	0.21	0.00	1.14	0.28	0.00	1.04	3.77	0.04	-2.97	4.84	0.05	-7.12
AFS	632204	38381PC84	Agency CMO	A-1-Q	GOVERNMENT NATIONAL MORTGAGE A	0.973892041	5	9/1/2051	75000000	 73,041,903 	 1,945,399.89 	72573239.44	73587942.43	99.3584	100.74757	1014702.99	12/31/2025	Model2501	100	LMMSOFRFLAT	RFRSwap	4.64	1.68	-2.23	0.017	 12,432 	0.37	0.35	0.38	0.51	0.16	-0.08	-0.01	2.4	16.7	52	112	0.97	4.8	6.52	7	 260,014 	NA	NA	0.43	0.00	1.21	0.40	0.00	0.87	3.59	0.04	-2.70	4.75	0.04	-6.77
AFS	632207	38381PEV1	Agency CMO	A-4-Q	GOVERNMENT NATIONAL MORTGAGE A	0.98559047	5	8/1/2051	157828000	 155,553,773 	 2,261,797.23 	154713310.2	156739061.3	99.4597	100.76198	2025751.1	12/31/2025	Model2501	100	LMMSOFRFLAT	RFRSwap	4.58	1.41	-2.44	0.014	 22,257 	0.40	0.34	0.33	0.39	0.06	-0.09	-0.01	2.1	18.3	46	105	0.99	2.1	6.50	6	 256,772 	NA	NA	0.45	0.00	0.97	0.29	0.00	0.64	3.51	0.03	-2.54	4.75	0.04	-6.57
AFS	632206	38381PGX5	Agency CMO	A-4-Q	GOVERNMENT NATIONAL MORTGAGE A	0.968631184	5	10/1/2051	134699000	 130,473,652 	 4,197,787.30 	129632336.7	131434407.6	99.3552	100.73636	1802070.91	12/31/2025	Model2501	100	LMMSOFRFLAT	RFRSwap	4.78	2.62	-2.49	0.026	 34,548 	0.30	0.34	0.44	0.79	0.73	0.05	-0.01	3.7	12.5	51	120	0.97	5.0	6.47	8	 469,908 	NA	NA	0.32	0.00	1.86	0.62	0.01	1.51	4.62	0.05	-3.69	5.77	0.05	-8.68
AFS	632198	38381PM75	Agency CMO	A-4-Q	GOVERNMENT NATIONAL MORTGAGE A	0.99070964	5	8/1/2051	50000000	 49,535,482 	 464,663.16 	49549537.14	49727590.51	100.0284	100.38782	178053.37	12/31/2025	Model2501	100	LMMSOFRFLAT	RFRSwap	4.89	2.81	-1.51	0.028	 14,050 	0.26	0.42	0.59	0.98	0.63	-0.04	-0.01	3.9	11.6	78	134	0.99	0.7	6.46	7	 219,619 	NA	NA	0.71	0.01	3.01	1.32	0.01	2.08	4.14	0.04	-3.51	4.97	0.05	-7.86
AFS	632211	38381PR21	Agency CMO	A-1-Q	GOVERNMENT NATIONAL MORTGAGE A	0.987731425	5	8/1/2051	53647863	 52,989,680 	 655,097.60 	52743546.89	53386021.78	99.5355	100.74796	642474.89	12/31/2025	Model2501	100	LMMSOFRFLAT	RFRSwap	4.67	1.89	-2.05	0.019	 10,110 	0.35	0.38	0.44	0.60	0.20	-0.06	-0.01	2.6	15.6	60	115	0.99	0.9	6.51	7	 220,840 	NA	NA	0.40	0.00	1.49	0.56	0.01	1.08	3.66	0.04	-2.83	4.79	0.05	-6.94
AFS	632217	38381PTU7	Agency CMO	A-1-Q	GOVERNMENT NATIONAL MORTGAGE A	0.981032393	5	3/1/2050	71714280	 70,354,032 	 1,354,244.06 	70046830.83	70647443.21	99.5633	100.41705	600612.37	12/31/2025	Model2501	100	LMMSOFRFLAT	RFRSwap	4.81	1.83	-2.21	0.018	 12,970 	0.38	0.38	0.41	0.60	0.17	-0.08	-0.01	2.6	13.0	71	131	0.98	1.4	6.07	7	 262,026 	NA	NA	0.26	0.00	0.97	0.18	0.00	0.85	3.57	0.04	-2.76	4.69	0.04	-6.76
AFS	632186	38381PUR2	Agency CMO	A-4-Q	GOVERNMENT NATIONAL MORTGAGE A	0.953180684	5	2/1/2050	56363166	 53,724,281 	 2,623,216.50 	53409753.93	53906664.31	99.4146	100.33948	496910.38	12/31/2025	Model2501	100	LMMSOFRFLAT	RFRSwap	4.82	1.74	-2.03	0.018	 9,422 	0.37	0.38	0.40	0.58	0.12	-0.07	-0.01	2.4	12.8	77	134	0.95	7.5	6.06	8	 220,161 	NA	NA	0.20	0.00	0.92	0.18	0.00	0.83	3.29	0.03	-2.58	4.33	0.04	-6.27
AFS	632215	38381PYW7	Agency CMO	A-4-Q	GOVERNMENT NATIONAL MORTGAGE A	0.96040879	5	9/1/2051	75000000	 72,030,659 	 2,958,437.70 	71768771.89	72554984.82	99.6364	100.72792	786212.93	12/31/2025	Model2501	100	LMMSOFRFLAT	RFRSwap	4.65	1.70	-1.96	0.017	 12,389 	0.35	0.36	0.40	0.54	0.15	-0.08	-0.01	2.4	16.0	57	113	0.96	8.2	6.51	9	 232,405 	NA	NA	0.32	0.00	1.18	0.39	0.00	0.92	3.36	0.03	-2.57	4.49	0.04	-6.42
AFS	654272	38381QXN6	Agency CMO	A-4-Q	GOVERNMENT NATIONAL MORTGAGE A	0.990208333	5	8/1/2051	90000000	 89,118,750 	 882,145.05 	89206569.79	89641164.08	100.0985	100.5862	434594.3	12/31/2025	Model2501	100	LMMSOFRFLAT	RFRSwap	4.71	1.81	-2.26	0.018	 16,330 	0.38	0.37	0.39	0.52	0.20	-0.04	-0.01	2.4	17.1	58	120	0.99	1.9	6.51	5	 275,933 	NA	NA	0.57	0.01	1.46	0.51	0.01	0.98	3.81	0.04	-2.87	5.05	0.05	-7.16
AFS	698089	38381U5P3	Agency CMO	A-4-Q	GOVERNMENT NATIONAL MORTGAGE A	0.992547323	5	12/1/2054	38098562	 37,814,626 	 106,604.84 	37995576.58	38218731.72	100.4785	101.06865	223155.15	12/31/2025	Model2501	100	LMMSOFRFLAT	RFRSwap	4.79	3.32	-0.75	0.034	 12,756 	0.24	0.27	0.40	0.85	1.28	0.36	-0.02	6.0	13.1	51	108	0.99	3.7	6.52	6	 438,531 	NA	NA	0.93	0.01	4.14	1.99	0.02	2.80	4.90	0.05	-4.09	6.10	0.06	-9.37
AFS	710154	38383B4G4	Agency CMO	A-4-Q	GOVERNMENT NATIONAL MORTGAGE A	0.994702446	4.75	10/1/2055	35000000	 34,814,586 	 80,571.11 	34732103.22	34880479.18	99.7631	100.18927	148375.95	12/31/2025	Model2501	100	LMMSOFRFLAT	RFRSwap	4.71	3.02	-0.64	0.030	 10,578 	0.32	0.26	0.29	0.62	0.85	0.46	0.06	5.8	16.2	47	95	0.99	1.7	6.53	5	 223,228 	NA	NA	1.66	0.02	5.11	2.49	0.03	3.06	3.89	0.04	-3.41	4.71	0.04	-7.60
AFS	674517	38383BMP4	Agency CMO	A-4-Q	GOVERNMENT NATIONAL MORTGAGE A	0.991930916	5	5/1/2052	50000000	 49,596,546 	 404,778.03 	49757329	50005181.66	100.3242	100.82392	247852.66	12/31/2025	Model2501	100	LMMSOFRFLAT	RFRSwap	4.64	1.87	-2.08	0.019	 9,377 	0.38	0.37	0.40	0.53	0.24	-0.05	-0.01	2.6	17.8	46	109	0.99	1.6	6.53	4	 282,058 	NA	NA	0.68	0.01	1.71	0.65	0.01	1.09	3.91	0.04	-2.93	5.20	0.05	-7.36
AFS	614067	38383LY95	Agency CMO	A-4-Q	GOVERNMENT NATIONAL MORTGAGE A	0.619737056	4.5	6/1/2044	30730012	 19,044,527 	 1,655,337.35 	18866846.16	19065510.43	99.067	100.11018	198664.27	12/31/2025	Model2501	100	LMMSOFRFLAT	RFRSwap	4.36	1.78	-0.55	0.018	 3,411 	0.32	0.48	0.71	0.38	-0.06	-0.04	-0.01	2.1	9.4	80	95	0.62	5.4	5.05	47	 246,402 	NA	NA	-0.53	-0.01	1.53	0.91	0.01	1.43	2.26	0.02	-2.02	2.76	0.03	-4.45
HTM	614577	38383VP85	Agency CMO	A-4-Q	GOVERNMENT NATIONAL MORTGAGE A	0.755870495	4.75	2/1/2053	100000000	 75,587,050 	 5,401,308.91 	76178068.61	74748872.27	100.7819	98.89111	-1429196.34	12/31/2025	Model2501	100	LMMSOFRFLAT	RFRSwap	4.96	4.31	-1.19	0.043	 32,315 	0.20	0.27	0.44	0.93	1.46	0.94	0.09	6.3	11.6	74	118	0.76	8.3	5.59	40	 239,457 	NA	NA	0.90	0.01	5.00	2.41	0.02	3.48	5.38	0.05	-4.75	6.09	0.05	-10.04
AFS	613140	38383VQQ4	Agency CMO	A-4-Q	GOVERNMENT NATIONAL MORTGAGE A	0.755724298	4.75	2/1/2053	30000000	 22,671,729 	 1,497,329.54 	22698462.77	22550358.11	100.1179	99.46466	-148104.67	12/31/2025	Model2501	100	LMMSOFRFLAT	RFRSwap	4.85	4.01	-1.18	0.040	 9,085 	0.22	0.27	0.43	0.89	1.33	0.81	0.08	5.7	13.9	66	109	0.76	8.4	6.02	38	 174,134 	NA	NA	1.24	0.01	5.04	2.39	0.02	3.28	5.02	0.05	-4.46	5.65	0.05	-9.44
HTM	614668	38383VUV8	Agency CMO	A-4-Q	GOVERNMENT NATIONAL MORTGAGE A	0.758986761	5	2/1/2053	58511103	 44,409,153 	 3,288,924.03 	44701413.77	44512759.1	100.6581	100.2333	-188654.66	12/31/2025	Model2501	100	LMMSOFRFLAT	RFRSwap	4.94	3.73	-1.71	0.038	 16,684 	0.24	0.26	0.39	0.82	1.24	0.75	0.07	5.3	16.3	64	118	0.76	8.9	6.56	36	 335,870 	NA	NA	1.12	0.01	4.23	1.87	0.02	2.84	5.14	0.05	-4.44	5.95	0.05	-9.66
HTM	614718	38383WBG0	Agency CMO	A-4-Q	GOVERNMENT NATIONAL MORTGAGE A	0.661941402	4.5	2/1/2053	53901945	 35,679,929 	 3,619,848.46 	35551719.39	34870415.68	99.6407	97.73118	-681303.71	12/31/2025	Model2501	100	LMMSOFRFLAT	RFRSwap	4.95	4.50	-0.82	0.044	 15,751 	0.19	0.25	0.43	0.95	1.56	1.02	0.11	6.1	12.5	82	118	0.66	12.1	5.56	41	 170,174 	NA	NA	1.64	0.02	6.28	3.14	0.03	3.88	5.40	0.05	-4.77	6.01	0.05	-9.96
HTM	614838	38383WBJ4	Agency CMO	A-4-Q	GOVERNMENT NATIONAL MORTGAGE A	0.71440331	4.5	2/1/2053	30500000	 21,789,301 	 1,648,921.93 	21756882.86	21412666.35	99.8512	98.27147	-344216.51	12/31/2025	Model2501	100	LMMSOFRFLAT	RFRSwap	4.82	4.89	-0.57	0.048	 10,521 	0.16	0.21	0.42	1.06	1.93	1.12	0.02	6.8	9.3	78	100	0.71	9.2	4.94	87	 183,860 	NA	NA	2.20	0.02	7.64	3.82	0.04	4.45	5.56	0.05	-5.05	6.05	0.05	-10.33
HTM	614489	38383WBV7	Agency CMO	A-4-Q	GOVERNMENT NATIONAL MORTGAGE A	0.697400367	4.5	2/1/2053	70340764	 49,055,675 	 2,820,731.91 	48982190.34	48454629.79	99.8502	98.77477	-527560.56	12/31/2025	Model2501	100	LMMSOFRFLAT	RFRSwap	4.73	4.58	-0.68	0.045	 22,275 	0.18	0.23	0.41	1.02	1.76	0.98	0.01	6.3	10.5	68	93	0.70	9.9	5.44	90	 169,737 	NA	NA	2.06	0.02	6.97	3.45	0.04	4.10	5.35	0.05	-4.82	5.86	0.05	-9.98
AFS	613655	38384ALF8	Agency CMO	A-4-Q	GOVERNMENT NATIONAL MORTGAGE A	0.735451514	5	4/1/2040	77197709	 56,775,172 	 3,451,926.32 	56970328.12	58510573.22	100.3437	103.05662	1540245.1	12/31/2025	Model2501	100	LMMSOFRFLAT	RFRSwap	4.28	3.97	-0.13	0.041	 23,299 	0.16	0.24	0.51	1.33	1.69	0.06	-0.02	5.0	NA	56	62	0.74	6.9	5.39	195	 83,155 	NA	NA	2.73	0.03	7.46	3.55	0.04	3.99	4.14	0.04	-4.13	4.19	0.04	-8.18
AFS	614115	38384MB22	Agency CMO	A-4-Q	GOVERNMENT NATIONAL MORTGAGE A	0.853125494	5.5	3/1/2050	85688000	 73,102,617 	 5,261,463.01 	72847736.9	74118049.24	99.6513	101.38905	1270312.33	12/31/2025	Model2501	100	LMMSOFRFLAT	RFRSwap	5.01	1.39	-2.38	0.014	 10,375 	0.38	0.36	0.37	0.52	0.02	-0.23	-0.04	2.9	13.0	82	146	0.85	5.4	6.09	22	 265,514 	NA	NA	0.04	0.00	-0.02	-0.39	0.00	0.36	3.26	0.03	-2.44	4.34	0.04	-6.18
AFS	613674	38384MJD0	Agency CMO	A-4-Q	GOVERNMENT NATIONAL MORTGAGE A	0.745732981	5.5	7/1/2051	50000000	 37,286,649 	 5,024,114.58 	36930182.23	37880200.3	99.044	101.59186	950018.07	12/31/2025	Model2501	100	LMMSOFRFLAT	RFRSwap	4.76	1.16	-1.85	0.012	 4,404 	0.38	0.34	0.35	0.37	-0.08	-0.20	-0.03	2.3	17.3	66	118	0.75	11.9	6.58	22	 211,153 	NA	NA	0.16	0.00	0.45	0.02	0.00	0.48	2.77	0.03	-2.04	3.85	0.04	-5.33
AFS	613328	38384MJK4	Agency CMO	A-4-Q	GOVERNMENT NATIONAL MORTGAGE A	0.745732981	5.5	7/1/2051	91749000	 68,420,255 	 9,240,162.60 	67918794.81	69509409.95	99.2671	101.59186	1590615.14	12/31/2025	Model2501	100	LMMSOFRFLAT	RFRSwap	4.76	1.16	-1.85	0.012	 8,081 	0.38	0.34	0.35	0.37	-0.08	-0.20	-0.03	2.3	17.3	66	118	0.75	11.9	6.58	22	 211,153 	NA	NA	0.16	0.00	0.45	0.02	0.00	0.48	2.77	0.03	-2.04	3.85	0.04	-5.33
AFS	613400	38384MQ42	Agency CMO	A-4-Q	GOVERNMENT NATIONAL MORTGAGE A	0.689584017	5.5	7/1/2051	75000000	 51,718,801 	 7,283,291.48 	51232238.7	52392526.58	99.0592	101.30267	1160287.88	12/31/2025	Model2501	100	LMMSOFRFLAT	RFRSwap	4.90	1.58	-1.48	0.016	 8,318 	0.35	0.36	0.44	0.55	0.04	-0.14	-0.02	2.5	15.2	93	137	0.69	14.9	6.57	28	 137,016 	NA	NA	0.17	0.00	1.16	0.43	0.00	0.95	2.85	0.03	-2.28	3.66	0.04	-5.50
AFS	614484	38384NGD1	Agency CMO	A-4-Q	GOVERNMENT NATIONAL MORTGAGE A	0.808156033	5.5	12/1/2046	69522973	 56,185,410 	 3,634,437.23 	55832165.14	57098776.94	99.3713	101.62563	1266611.81	12/31/2025	Model2501	100	LMMSOFRFLAT	RFRSwap	4.98	1.76	-2.09	0.018	 10,094 	0.33	0.36	0.46	0.72	0.15	-0.23	-0.04	3.2	13.2	87	141	0.81	8.3	6.10	24	 234,123 	NA	NA	0.03	0.00	0.61	0.00	0.00	0.81	3.35	0.03	-2.67	4.24	0.04	-6.40
AFS	614694	38384NJD8	Agency CMO	A-4-Q	GOVERNMENT NATIONAL MORTGAGE A	0.739687972	5.5	2/1/2050	50000000	 36,984,399 	 4,278,230.15 	37027888.51	37822982.85	100.1176	102.2674	795094.34	12/31/2025	Model2501	100	LMMSOFRFLAT	RFRSwap	4.71	1.88	-1.52	0.019	 7,128 	0.32	0.33	0.44	0.72	0.28	-0.19	-0.03	3.2	16.4	67	109	0.74	13.9	6.62	32	 142,224 	NA	NA	0.26	0.00	1.58	0.63	0.01	1.24	3.17	0.03	-2.62	3.97	0.04	-6.16
AFS	612997	38384NJK2	Agency CMO	A-4-Q	GOVERNMENT NATIONAL MORTGAGE A	0.874518351	5.5	11/1/2047	80595000	 70,481,807 	 3,988,892.20 	70226525.98	71676755.05	99.6378	101.6954	1450229.07	12/31/2025	Model2501	100	LMMSOFRFLAT	RFRSwap	5.06	2.46	-1.67	0.025	 17,687 	0.26	0.36	0.54	0.98	0.54	-0.18	-0.04	4.0	11.4	97	145	0.87	5.3	6.06	31	 246,063 	NA	NA	0.06	0.00	1.64	0.58	0.01	1.55	3.66	0.04	-3.16	4.36	0.04	-7.07
AFS	614113	38384NQP3	Agency CMO	A-4-Q	GOVERNMENT NATIONAL MORTGAGE A	0.808949295	5.5	5/1/2047	89022000	 72,014,284 	 7,062,784.67 	71710989.04	73219255.95	99.5788	101.67324	1508266.9	12/31/2025	Model2501	100	LMMSOFRFLAT	RFRSwap	4.96	1.61	-2.20	0.016	 11,852 	0.34	0.35	0.42	0.66	0.13	-0.24	-0.04	3.1	13.4	82	137	0.81	9.3	6.10	22	 245,417 	NA	NA	0.03	0.00	0.39	-0.12	0.00	0.65	3.29	0.03	-2.58	4.21	0.04	-6.27
AFS	613819	38384NTV7	Agency CMO	A-4-Q	GOVERNMENT NATIONAL MORTGAGE A	0.881107209	5.5	3/1/2048	53998035	 47,578,058 	 2,216,005.33 	47511804.98	48659412.01	99.8607	102.2728	1147607.02	12/31/2025	Model2501	100	LMMSOFRFLAT	RFRSwap	4.92	2.21	-2.34	0.023	 10,779 	0.30	0.32	0.42	0.81	0.61	-0.19	-0.05	4.1	11.4	68	126	0.88	5.9	6.07	30	 452,793 	NA	NA	-0.16	0.00	0.59	-0.09	0.00	1.02	3.97	0.04	-3.23	4.93	0.05	-7.60
AFS	613769	38384NZT5	Agency CMO	A-4-Q	GOVERNMENT NATIONAL MORTGAGE A	0.894249156	5.5	5/1/2054	50000000	 44,712,458 	 2,471,174.45 	44858085.67	45710153.7	100.3257	102.23136	852068.03	12/31/2025	Model2501	100	LMMSOFRFLAT	RFRSwap	4.93	2.35	-2.29	0.024	 10,799 	0.32	0.28	0.35	0.54	0.54	0.29	0.01	4.6	21.1	48	111	0.89	11.4	6.66	21	 326,608 	NA	NA	0.71	0.01	2.10	0.74	0.01	1.48	4.34	0.04	-3.46	5.59	0.05	-8.31
AFS	614665	38384PSK7	Agency CMO	A-4-Q	GOVERNMENT NATIONAL MORTGAGE A	0.73759301	5.5	8/1/2051	25000000	 18,439,825 	 3,610,473.78 	18341519.25	18745900.53	99.4669	101.65986	404381.28	12/31/2025	Model2501	100	LMMSOFRFLAT	RFRSwap	4.57	0.76	-1.75	0.008	 1,433 	0.40	0.31	0.28	0.22	-0.22	-0.23	-0.03	2.0	17.8	50	99	0.74	15.2	6.58	19	 197,190 	NA	NA	0.14	0.00	0.14	-0.10	0.00	0.22	2.32	0.02	-1.61	3.44	0.03	-4.49
AFS	614399	38384QFS2	Agency CMO	A-4-Q	GOVERNMENT NATIONAL MORTGAGE A	0.813894087	5.5	10/1/2051	50000000	 40,694,704 	 5,456,003.02 	40762342.24	41292216.56	100.1662	101.46828	529874.31	12/31/2025	Model2501	100	LMMSOFRFLAT	RFRSwap	4.80	1.15	-2.08	0.012	 4,783 	0.38	0.32	0.32	0.35	-0.03	-0.19	-0.03	2.4	18.2	64	122	0.81	10.6	6.62	18	 241,886 	NA	NA	0.23	0.00	0.45	0.00	0.00	0.44	2.97	0.03	-2.13	4.19	0.04	-5.68
AFS	614533	38384U4K2	Agency CMO	A-4-Q	GOVERNMENT NATIONAL MORTGAGE A	0.84206578	5	11/1/2049	29412075	 24,766,902 	 3,003,066.75 	24776810.05	25046517.72	100.04	101.12899	269707.67	12/31/2025	Model2501	100	LMMSOFRFLAT	RFRSwap	4.60	2.13	-1.82	0.022	 5,364 	0.30	0.32	0.45	0.74	0.42	-0.08	-0.02	3.1	16.1	51	101	0.84	10.3	6.61	18	 178,494 	NA	NA	0.32	0.00	1.70	0.64	0.01	1.34	3.61	0.04	-2.94	4.57	0.04	-6.91
AFS	614114	38384UWL9	Agency CMO	A-4-Q	GOVERNMENT NATIONAL MORTGAGE A	0.834387488	5	10/1/2051	100000000	 83,438,749 	 10,357,319.83 	83285138.58	83882684.66	99.8159	100.53205	597546.08	12/31/2025	Model2501	100	LMMSOFRFLAT	RFRSwap	4.81	2.21	-2.05	0.022	 18,654 	0.33	0.35	0.42	0.71	0.47	-0.04	-0.01	3.2	13.0	66	125	0.83	8.9	6.14	19	 197,022 	NA	NA	0.03	0.00	1.17	0.29	0.00	1.20	3.79	0.04	-3.07	4.79	0.04	-7.20
AFS	614815	38384UWM7	Agency CMO	A-4-Q	GOVERNMENT NATIONAL MORTGAGE A	0.862114136	5	10/1/2051	75000000	 64,658,560 	 5,371,755.11 	64509835.37	65076952.81	99.77	100.64708	567117.44	12/31/2025	Model2501	100	LMMSOFRFLAT	RFRSwap	4.78	2.25	-2.02	0.023	 14,679 	0.32	0.35	0.44	0.72	0.49	-0.05	-0.01	3.3	12.8	63	121	0.86	7.5	6.11	21	 202,319 	NA	NA	0.04	0.00	1.22	0.32	0.00	1.24	3.80	0.04	-3.10	4.80	0.05	-7.24
AFS	614432	38384UZY8	Agency CMO	A-4-Q	GOVERNMENT NATIONAL MORTGAGE A	0.828961231	5.25	4/1/2052	70893333	 58,767,825 	 7,027,920.73 	58939770.8	59513999.66	100.2926	101.2697	574228.86	12/31/2025	Model2501	100	LMMSOFRFLAT	RFRSwap	4.73	1.57	-2.14	0.016	 9,409 	0.35	0.32	0.37	0.48	0.18	-0.12	-0.02	2.7	17.6	52	114	0.83	10.7	6.62	18	 222,029 	NA	NA	0.24	0.00	0.84	0.17	0.00	0.75	3.39	0.03	-2.56	4.57	0.04	-6.46
AFS	613809	38384VBC0	Agency CMO	A-4-Q	GOVERNMENT NATIONAL MORTGAGE A	0.815816394	5	4/1/2052	61309000	 50,016,887 	 6,983,728.54 	49855914.35	50384091.28	99.6782	100.73416	528176.93	12/31/2025	Model2501	100	LMMSOFRFLAT	RFRSwap	4.68	1.92	-2.06	0.019	 9,721 	0.34	0.34	0.40	0.57	0.32	-0.04	-0.01	2.7	17.8	52	113	0.82	10.7	6.62	17	 245,441 	NA	NA	0.32	0.00	1.28	0.38	0.00	1.05	3.66	0.04	-2.84	4.81	0.05	-6.94
AFS	613724	38384VNR4	Agency CMO	A-4-Q	GOVERNMENT NATIONAL MORTGAGE A	0.748046452	5	3/1/2052	96889352	 72,477,736 	 14,947,885.68 	72431832.91	72801725.98	99.9367	100.44702	369893.07	12/31/2025	Model2501	100	LMMSOFRFLAT	RFRSwap	4.75	1.90	-1.95	0.019	 13,881 	0.34	0.34	0.40	0.56	0.30	-0.01	0.00	2.4	17.8	66	124	0.75	15.5	6.67	17	 234,137 	NA	NA	0.29	0.00	1.29	0.42	0.00	1.05	3.51	0.03	-2.74	4.62	0.04	-6.67
AFS	614492	38384VTH0	Agency CMO	A-4-Q	GOVERNMENT NATIONAL MORTGAGE A	0.906783531	5	5/1/2052	49774158	 45,134,387 	 2,893,536.51 	45243918.83	45281705.38	100.2427	100.3264	37786.55	12/31/2025	Model2501	100	LMMSOFRFLAT	RFRSwap	4.89	2.69	-1.99	0.027	 12,248 	0.29	0.34	0.46	0.81	0.74	0.08	0.00	3.7	12.7	70	130	0.91	5.9	6.11	16	 213,334 	NA	NA	0.18	0.00	1.87	0.65	0.01	1.64	4.24	0.04	-3.52	5.24	0.05	-8.04
AFS	614732	38384WJ89	Agency CMO	A-4-Q	GOVERNMENT NATIONAL MORTGAGE A	0.826970506	5	10/1/2052	50000000	 41,348,525 	 5,188,868.80 	41477513.61	41659706.03	100.312	100.75258	182192.42	12/31/2025	Model2501	100	LMMSOFRFLAT	RFRSwap	4.71	2.28	-2.02	0.023	 9,554 	0.31	0.32	0.43	0.69	0.52	0.02	-0.01	3.1	16.7	55	114	0.83	11.1	6.56	19	 214,078 	NA	NA	0.36	0.00	1.76	0.62	0.01	1.39	3.91	0.04	-3.16	4.98	0.05	-7.44
AFS	614771	38384XAK9	Agency CMO	A-4-Q	GOVERNMENT NATIONAL MORTGAGE A	0.821987692	5	8/1/2052	100524000	 82,629,491 	 10,115,626.07 	82898965.97	83099280.72	100.3261	100.56855	200314.75	12/31/2025	Model2501	100	LMMSOFRFLAT	RFRSwap	4.75	2.11	-2.07	0.021	 17,600 	0.33	0.33	0.41	0.62	0.43	0.01	0.00	2.8	17.6	59	120	0.82	11.6	6.60	17	 233,824 	NA	NA	0.32	0.00	1.48	0.47	0.00	1.20	3.79	0.04	-3.00	4.89	0.05	-7.18
AFS	613066	38384XJW4	Agency CMO	A-4-Q	GOVERNMENT NATIONAL MORTGAGE A	0.782390672	5	3/1/2050	75000000	 58,679,300 	 9,991,563.07 	58870681.21	59345774.03	100.3261	101.13579	475092.82	12/31/2025	Model2501	100	LMMSOFRFLAT	RFRSwap	4.57	2.08	-1.84	0.021	 12,406 	0.31	0.32	0.44	0.72	0.39	-0.08	-0.02	3.0	17.1	49	99	0.78	14.7	6.64	17	 209,942 	NA	NA	0.39	0.00	1.72	0.64	0.01	1.30	3.62	0.04	-2.91	4.65	0.04	-6.92
AFS	613149	38384XLV3	Agency CMO	A-4-Q	GOVERNMENT NATIONAL MORTGAGE A	0.88725673	5	5/1/2054	52456667	 46,542,531 	 2,989,525.30 	46630351.92	47059795.21	100.1887	101.11138	429443.28	12/31/2025	Model2501	100	LMMSOFRFLAT	RFRSwap	4.68	2.14	-3.30	0.022	 10,131 	0.28	0.27	0.38	0.69	0.63	-0.03	-0.04	4.3	14.3	53	106	0.89	7.3	6.13	20	 331,738 	NA	NA	0.51	0.01	1.83	0.90	0.01	1.38	3.92	0.04	-3.14	4.83	0.05	-7.37
AFS	614209	38384XPN7	Agency CMO	A-4-Q	GOVERNMENT NATIONAL MORTGAGE A	0.857808023	5	7/1/2052	36974000	 31,716,594 	 2,715,431.64 	31828020.12	31893353.59	100.3513	100.55731	65333.47	12/31/2025	Model2501	100	LMMSOFRFLAT	RFRSwap	4.84	2.52	-2.15	0.025	 8,080 	0.31	0.34	0.44	0.75	0.67	0.05	-0.01	3.7	13.1	60	124	0.86	8.5	6.13	21	 228,444 	NA	NA	0.09	0.00	1.42	0.38	0.00	1.40	4.18	0.04	-3.42	5.19	0.05	-7.91
AFS	613919	38384XTF0	Agency CMO	A-4-Q	GOVERNMENT NATIONAL MORTGAGE A	0.788241181	5	4/1/2053	75000000	 59,118,089 	 8,689,018.00 	59244414.99	59575219.19	100.2137	100.77325	330804.2	12/31/2025	Model2501	100	LMMSOFRFLAT	RFRSwap	4.71	2.29	-1.93	0.023	 13,690 	0.31	0.31	0.42	0.68	0.54	0.04	-0.01	3.1	17.1	54	111	0.79	15.7	6.60	21	 195,493 	NA	NA	0.32	0.00	1.78	0.65	0.01	1.42	3.88	0.04	-3.13	4.91	0.05	-7.36
AFS	614084	38384YAL5	Agency CMO	A-4-Q	GOVERNMENT NATIONAL MORTGAGE A	0.879292567	5	7/1/2052	100000000	 87,929,257 	 7,460,137.26 	87743377.17	88319284.5	99.7886	100.44357	575907.34	12/31/2025	Model2501	100	LMMSOFRFLAT	RFRSwap	4.85	2.50	-1.98	0.025	 22,174 	0.30	0.34	0.44	0.76	0.65	0.04	-0.01	3.5	13.3	67	126	0.88	8.1	6.11	16	 195,186 	NA	NA	0.15	0.00	1.67	0.56	0.01	1.49	4.04	0.04	-3.33	5.04	0.05	-7.68
AFS	613229	38384YGR6	Agency CMO	A-4-Q	GOVERNMENT NATIONAL MORTGAGE A	0.875347857	5	12/1/2051	150000000	 131,302,179 	 12,214,533.75 	129591050.1	132023119.4	98.6968	100.54907	2432069.32	12/31/2025	Model2501	100	LMMSOFRFLAT	RFRSwap	4.81	2.18	-2.18	0.022	 28,954 	0.33	0.35	0.42	0.68	0.47	-0.03	-0.01	3.2	13.2	62	125	0.88	8.5	6.12	18	 205,092 	NA	NA	0.13	0.00	1.18	0.28	0.00	1.15	3.84	0.04	-3.09	4.87	0.05	-7.29
AFS	613387	38384YSB8	Agency CMO	A-4-Q	GOVERNMENT NATIONAL MORTGAGE A	0.831533754	5	1/1/2053	75000000	 62,365,032 	 8,847,336.33 	62539843.11	62728077.11	100.2803	100.58213	188234	12/31/2025	Model2501	100	LMMSOFRFLAT	RFRSwap	4.76	2.22	-2.02	0.022	 13,953 	0.32	0.32	0.42	0.65	0.49	0.04	0.00	3.0	17.6	59	120	0.83	12.4	6.62	16	 225,651 	NA	NA	0.38	0.00	1.70	0.59	0.01	1.33	3.85	0.04	-3.08	4.92	0.05	-7.30
AFS	613839	38385AAW2	Agency CMO	A-4-Q	GOVERNMENT NATIONAL MORTGAGE A	0.829091465	5.5	9/1/2052	68760000	 57,008,329 	 5,675,310.59 	57392664.18	58135423.71	100.6742	101.97707	742759.53	12/31/2025	Model2501	100	LMMSOFRFLAT	RFRSwap	4.94	2.30	-1.69	0.024	 13,408 	0.29	0.34	0.48	0.81	0.53	-0.12	-0.03	3.8	12.3	81	130	0.83	11.9	6.12	31	 127,705 	NA	NA	-0.03	0.00	1.58	0.60	0.01	1.46	3.61	0.04	-3.06	4.40	0.04	-6.98
AFS	613503	38385ABA9	Agency CMO	A-4-Q	GOVERNMENT NATIONAL MORTGAGE A	0.813164263	5.5	8/1/2052	48917000	 39,777,556 	 4,062,831.75 	39859620.61	40547745.21	100.2063	101.93624	688124.6	12/31/2025	Model2501	100	LMMSOFRFLAT	RFRSwap	4.94	1.98	-2.08	0.020	 8,083 	0.32	0.36	0.44	0.68	0.38	-0.16	-0.04	3.6	12.8	74	131	0.81	13.1	6.10	30	 179,609 	NA	NA	-0.13	0.00	0.75	0.09	0.00	0.99	3.59	0.04	-2.91	4.56	0.04	-6.91
AFS	614227	38385CJQ2	Agency CMO	A-4-Q	GOVERNMENT NATIONAL MORTGAGE A	0.870816474	5.5	11/1/2051	152692000	 132,966,709 	 17,453,080.44 	133202181.4	135028929.6	100.1771	101.55093	1826748.24	12/31/2025	Model2501	100	LMMSOFRFLAT	RFRSwap	4.74	1.02	-2.01	0.010	 13,787 	0.40	0.33	0.31	0.30	-0.11	-0.21	-0.03	2.2	18.3	60	116	0.87	10.5	6.58	12	 253,735 	NA	NA	0.26	0.00	0.42	0.02	0.00	0.37	2.84	0.03	-1.99	4.11	0.04	-5.45
AFS	614425	38385CWQ7	Agency CMO	A-4-Q	GOVERNMENT NATIONAL MORTGAGE A	0.8501723	5.5	12/1/2051	63210514	 53,739,828 	 8,061,201.91 	53877125.41	54727281.29	100.2555	101.83747	850155.88	12/31/2025	Model2501	100	LMMSOFRFLAT	RFRSwap	4.58	0.85	-1.86	0.009	 4,678 	0.40	0.33	0.31	0.25	-0.20	-0.25	-0.04	2.2	18.2	47	99	0.85	12.9	6.55	14	 224,269 	NA	NA	0.22	0.00	0.28	-0.03	0.00	0.27	2.57	0.03	-1.78	3.80	0.04	-4.97
AFS	620121	38385CY69	Agency CMO	A-4-Q	GOVERNMENT NATIONAL MORTGAGE A	0.836988619	5	10/1/2051	50000000	 41,849,431 	 5,548,499.03 	41692032.6	42058456.3	99.6239	100.49947	366423.7	12/31/2025	Model2501	100	LMMSOFRFLAT	RFRSwap	4.72	1.77	-1.77	0.018	 7,467 	0.35	0.36	0.41	0.53	0.17	-0.04	0.00	2.3	16.9	70	122	0.84	14.0	6.54	16	 223,116 	NA	NA	0.30	0.00	1.24	0.41	0.00	1.00	3.26	0.03	-2.55	4.33	0.04	-6.23
AFS	613174	38385D3C8	Agency CMO	A-4-Q	GOVERNMENT NATIONAL MORTGAGE A	0.932841143	5	8/1/2052	110000000	 102,612,526 	 6,726,328.15 	102170381.2	103396136.5	99.5691	100.76366	1225755.36	12/31/2025	Model2501	100	LMMSOFRFLAT	RFRSwap	4.78	2.74	-2.50	0.028	 28,434 	0.29	0.31	0.41	0.78	0.84	0.13	-0.01	3.9	13.4	47	116	0.93	6.9	6.53	11	 437,899 	NA	NA	0.19	0.00	1.74	0.53	0.01	1.56	4.73	0.05	-3.80	5.88	0.05	-8.89
AFS	613026	38385DB21	Agency CMO	A-4-Q	GOVERNMENT NATIONAL MORTGAGE A	0.867706566	5.25	2/1/2055	39787000	 34,523,441 	 4,943,036.44 	34605829.07	34979029.73	100.2386	101.31965	373200.66	12/31/2025	Model2501	100	LMMSOFRFLAT	RFRSwap	4.65	1.40	-1.95	0.014	 4,926 	0.37	0.33	0.36	0.42	0.06	-0.14	-0.02	2.4	17.8	52	108	0.87	NA	6.54	11	 234,689 	NA	NA	0.31	0.00	0.90	0.26	0.00	0.71	3.17	0.03	-2.35	4.43	0.04	-6.10
AFS	614540	38385DK39	Agency CMO	A-4-Q	GOVERNMENT NATIONAL MORTGAGE A	0.895770336	5	3/1/2049	50000000	 44,788,517 	 4,081,628.09 	44662505.22	45294103.01	99.7187	101.12883	631597.79	12/31/2025	Model2501	100	LMMSOFRFLAT	RFRSwap	4.52	1.79	-1.78	0.018	 8,131 	0.33	0.33	0.43	0.62	0.20	-0.11	-0.02	2.6	17.8	48	96	0.90	11.4	6.57	14	 210,222 	NA	NA	0.34	0.00	1.42	0.52	0.01	1.08	3.31	0.03	-2.60	4.35	0.04	-6.35
AFS	613867	38385ECL6	Agency CMO	A-4-Q	GOVERNMENT NATIONAL MORTGAGE A	0.911035071	5	1/1/2052	25000000	 22,775,877 	 1,993,371.67 	22768291.49	22939567	99.9667	100.7187	171275.51	12/31/2025	Model2501	100	LMMSOFRFLAT	RFRSwap	4.67	1.92	-1.78	0.019	 4,433 	0.34	0.36	0.44	0.61	0.25	-0.05	-0.01	2.6	15.9	62	115	0.91	8.9	6.53	12	 204,194 	NA	NA	0.29	0.00	1.47	0.55	0.01	1.15	3.45	0.03	-2.74	4.53	0.04	-6.61
AFS	614193	38385EEX8	Agency CMO	A-4-Q	GOVERNMENT NATIONAL MORTGAGE A	0.935008934	5	10/1/2049	59679780	 55,801,127 	 3,300,937.61 	55663070.16	55975210.26	99.7526	100.31197	312140.09	12/31/2025	Model2501	100	LMMSOFRFLAT	RFRSwap	4.84	1.79	-1.84	0.018	 10,035 	0.37	0.38	0.42	0.61	0.12	-0.08	-0.01	2.5	12.4	81	135	0.94	5.3	6.05	13	 236,093 	NA	NA	0.14	0.00	0.81	0.08	0.00	0.85	3.26	0.03	-2.57	4.29	0.04	-6.23
AFS	613316	38385EKN3	Agency CMO	A-4-Q	GOVERNMENT NATIONAL MORTGAGE A	0.897026894	5.25	7/1/2052	100000000	 89,702,689 	 9,750,794.60 	89916860.05	90967640.84	100.2388	101.41016	1050780.8	12/31/2025	Model2501	100	LMMSOFRFLAT	RFRSwap	4.67	1.51	-2.10	0.015	 13,788 	0.36	0.33	0.37	0.47	0.13	-0.14	-0.02	2.7	17.1	48	108	0.90	11.5	6.56	10	 234,944 	NA	NA	0.29	0.00	0.93	0.25	0.00	0.74	3.38	0.03	-2.52	4.62	0.04	-6.46
AFS	620118	38385EP81	Agency CMO	A-4-Q	GOVERNMENT NATIONAL MORTGAGE A	0.916696815	5	1/1/2051	47910064	 43,919,003 	 3,269,214.03 	43715818.29	44180905.27	99.5374	100.59633	465086.97	12/31/2025	Model2501	100	LMMSOFRFLAT	RFRSwap	4.59	1.32	-1.91	0.013	 5,861 	0.38	0.33	0.33	0.35	0.01	-0.08	-0.01	1.9	17.6	59	110	0.92	11.2	6.59	10	 238,993 	NA	NA	0.30	0.00	0.85	0.22	0.00	0.65	2.89	0.03	-2.14	4.03	0.04	-5.54
AFS	620140	38385FBE0	Agency CMO	A-3-Q	GOVERNMENT NATIONAL MORTGAGE A	0.965356571	5	12/1/2050	50045015	 48,311,284 	 1,416,797.13 	48116829.5	48460425.84	99.5975	100.30871	343596.34	12/31/2025	Model2501	100	LMMSOFRFLAT	RFRSwap	4.86	2.62	-1.59	0.026	 12,753 	0.26	0.38	0.58	0.84	0.53	0.04	0.01	3.1	15.6	81	135	0.97	4.3	6.51	10	 436,454 	NA	NA	0.89	0.01	2.98	1.31	0.01	1.93	4.11	0.04	-3.37	5.15	0.05	-7.81
AFS	620119	38385G2U2	Agency CMO	A-4-Q	GOVERNMENT NATIONAL MORTGAGE A	0.966492836	5	4/1/2051	69695000	 67,359,718 	 2,155,601.26 	67041101.01	67606598.31	99.527	100.36651	565497.3	12/31/2025	Model2501	100	LMMSOFRFLAT	RFRSwap	4.77	1.80	-1.86	0.018	 12,202 	0.35	0.37	0.42	0.54	0.17	-0.03	0.00	2.2	16.1	76	129	0.97	6.5	6.50	9	 225,720 	NA	NA	0.33	0.00	1.33	0.47	0.00	1.02	3.34	0.03	-2.60	4.42	0.04	-6.38
AFS	620159	38385G3D9	Agency CMO	A-4-Q	GOVERNMENT NATIONAL MORTGAGE A	0.96944935	5	2/1/2051	45371399	 43,985,273 	 1,209,965.11 	43863712.6	44297867.81	99.7236	100.71068	434155.21	12/31/2025	Model2501	100	LMMSOFRFLAT	RFRSwap	4.63	1.59	-1.93	0.016	 7,063 	0.36	0.37	0.40	0.49	0.07	-0.08	-0.01	2.3	15.8	60	113	0.97	4.7	6.52	8	 214,034 	NA	NA	0.32	0.00	1.09	0.35	0.00	0.85	3.20	0.03	-2.44	4.33	0.04	-6.13
AFS	620157	38385G3V9	Agency CMO	A-4-Q	GOVERNMENT NATIONAL MORTGAGE A	0.960081754	5	3/1/2051	92496497	 88,804,199 	 3,452,026.98 	88344792.18	89428785.65	99.4827	100.70333	1083993.47	12/31/2025	Model2501	100	LMMSOFRFLAT	RFRSwap	4.60	1.40	-2.05	0.014	 12,567 	0.38	0.34	0.34	0.41	0.03	-0.09	-0.01	2.1	17.1	54	109	0.96	6.5	6.53	9	 265,389 	NA	NA	0.35	0.00	0.90	0.23	0.00	0.67	3.12	0.03	-2.30	4.30	0.04	-5.96
AFS	614739	38385GN54	Agency CMO	A-4-Q	GOVERNMENT NATIONAL MORTGAGE A	0.933480531	5	6/1/2051	85000000	 79,345,845 	 5,645,322.29 	79221152.69	79903091.01	99.8428	100.7023	681938.32	12/31/2025	Model2501	100	LMMSOFRFLAT	RFRSwap	4.56	1.38	-1.78	0.014	 11,086 	0.38	0.35	0.36	0.38	0.01	-0.08	-0.01	2.0	17.2	58	107	0.93	11.5	6.52	9	 196,330 	NA	NA	0.31	0.00	1.01	0.34	0.00	0.75	2.90	0.03	-2.17	4.03	0.04	-5.58
AFS	614758	38385GX79	Agency CMO	A-4-Q	GOVERNMENT NATIONAL MORTGAGE A	0.92666903	5	7/1/2051	70211706	 65,063,013 	 5,123,756.26 	64751534.42	65294019.72	99.5213	100.35505	542485.31	12/31/2025	Model2501	100	LMMSOFRFLAT	RFRSwap	4.77	1.74	-1.84	0.018	 11,414 	0.35	0.36	0.39	0.51	0.17	-0.03	0.00	2.2	16.5	75	128	0.93	12.4	6.57	10	 222,181 	NA	NA	0.34	0.00	1.27	0.43	0.00	0.98	3.29	0.03	-2.54	4.38	0.04	-6.27
AFS	620162	38385GZ51	Agency CMO	A-4-Q	GOVERNMENT NATIONAL MORTGAGE A	0.889618286	5	9/1/2052	55657000	 49,513,485 	 5,096,955.55 	49442387.59	49776837.27	99.8564	100.53188	334449.68	12/31/2025	Model2501	100	LMMSOFRFLAT	RFRSwap	4.74	2.09	-1.51	0.021	 10,467 	0.32	0.35	0.46	0.68	0.33	-0.03	0.00	2.7	16.0	75	122	0.89	15.7	6.58	30	 156,942 	NA	NA	0.31	0.00	1.82	0.73	0.01	1.38	3.36	0.03	-2.76	4.19	0.04	-6.42
AFS	715676	38385H4T1	Agency CMO	A-4-Q	GOVERNMENT NATIONAL MORTGAGE A	0.997751508	4.75	10/1/2055	80000000	 79,820,121 	 112,424.60 	79726581.44	80066948.4	99.8828	100.30923	340366.96	12/31/2025	Model2501	100	LMMSOFRFLAT	RFRSwap	4.68	3.21	-0.70	0.032	 25,768 	0.26	0.32	0.45	0.77	1.05	0.41	0.01	5.9	12.7	51	96	1.00	1.4	6.10	3	 235,634 	NA	NA	1.59	0.02	5.08	2.60	0.03	2.99	4.24	0.04	-3.67	4.91	0.05	-8.12
AFS	695208	38385HEU7	Agency CMO	A-4-Q	GOVERNMENT NATIONAL MORTGAGE A	0.991666242	4.75	2/1/2055	26000000	 25,783,322 	 217,134.76 	25838166.04	25836510.71	100.2127	100.20629	-1655.33	12/31/2025	Model2501	100	LMMSOFRFLAT	RFRSwap	4.69	2.85	1.04	0.029	 7,385 	0.29	0.28	0.39	0.76	0.87	0.30	0.00	4.6	17.0	42	103	0.99	13.3	6.57	7	 218,759 	NA	NA	0.85	0.01	3.47	1.50	0.02	2.40	3.70	0.04	-3.13	4.90	0.05	-7.29
AFS	695209	38385HLW5	Agency CMO	A-4-Q	GOVERNMENT NATIONAL MORTGAGE A	0.994432218	4.75	10/1/2055	24160031	 24,025,513 	 134,228.78 	23974204.68	24084250.79	99.7864	100.24448	110046.11	12/31/2025	Model2501	100	LMMSOFRFLAT	RFRSwap	4.71	3.21	-0.48	0.032	 7,760 	0.31	0.25	0.28	0.62	0.89	0.51	0.07	5.9	15.8	43	94	0.99	2.0	6.56	5	 241,724 	NA	NA	1.70	0.02	5.24	2.52	0.03	3.16	4.11	0.04	-3.62	5.03	0.05	-8.03
AFS	695210	38385HM61	Agency CMO	A-4-Q	GOVERNMENT NATIONAL MORTGAGE A	0.991940686	4.75	10/1/2055	50000000	 49,597,034 	 402,273.10 	49512768.38	49482886.73	99.8301	99.76985	-29881.66	12/31/2025	Model2501	100	LMMSOFRFLAT	RFRSwap	4.79	3.29	-0.66	0.033	 16,357 	0.24	0.27	0.40	0.79	1.10	0.53	0.05	6.2	12.4	59	102	0.99	7.1	6.06	9	 225,721 	NA	NA	1.17	0.01	4.72	2.46	0.03	3.02	4.49	0.04	-3.84	5.09	0.05	-8.44
AFS	714990	38385JKS1	Agency CMO	A-4-Q	GOVERNMENT NATIONAL MORTGAGE A	0.998553297	4.75	11/1/2055	25000000	 24,963,832 	 36,156.27 	24956114.76	24852633.53	99.9691	99.55456	-103481.23	12/31/2025	Model2501	100	LMMSOFRFLAT	RFRSwap	4.83	4.47	-0.48	0.045	 11,152 	0.21	0.27	0.41	0.88	1.61	0.94	0.11	7.4	12.1	59	104	1.00	1.5	6.52	3	 416,337 	NA	NA	2.33	0.02	7.15	3.63	0.04	4.11	5.59	0.05	-4.87	6.66	0.06	-10.62
AFS	715677	38385JUY7	Agency CMO	A-4-Q	GOVERNMENT NATIONAL MORTGAGE A	0.998492927	4.5	12/1/2051	14310659	 14,289,092 	 21,390.29 	14172319.5	14253479.09	99.1828	99.75077	81159.59	12/31/2025	Model2501	100	LMMSOFRFLAT	RFRSwap	4.54	3.63	-1.41	0.036	 5,190 	0.18	0.37	0.62	1.23	1.16	0.09	-0.01	4.9	9.0	45	92	1.00	0.1	6.01	5	 243,770 	NA	NA	0.99	0.01	4.27	2.01	0.02	2.84	4.82	0.05	-4.20	5.65	0.05	-9.13
AFS	736546	38385KGH7	Agency CMO	A-4-Q	GOVERNMENT NATIONAL MORTGAGE A	1	5	12/1/2055	45000000	 45,000,000 	 -   	45413085.94	45569531.25	100.918	101.265625	156445.31	12/31/2025	Model2501	100	LMMSOFRFLAT	RFRSwap	4.78	3.41	-0.58	0.035	 15,624 	0.26	0.32	0.41	0.79	1.06	0.52	0.06	6.2	14.8	57	98	1.00	2.1	6.55	3	 182,320 	NA	NA	2.06	0.02	5.88	2.82	0.03	3.36	4.01	0.04	-3.70	4.73	0.04	-7.96
AFS	736051	38385KNG1	Agency CMO	A-4-Q	GOVERNMENT NATIONAL MORTGAGE A	1	4.5	9/1/2055	57383000	 57,383,000 	 -   	57007299.08	57167813.75	99.3453	99.625	160514.68	12/31/2025	Model2501	100	LMMSOFRFLAT	RFRSwap	4.57	3.23	-0.25	0.032	 18,526 	0.29	0.34	0.41	0.74	1.03	0.43	0.01	5.4	16.5	43	85	1.00	4.2	6.51	2	 249,625 	NA	NA	2.09	0.02	5.81	2.83	0.03	3.32	3.80	0.04	-3.45	4.56	0.04	-7.47
