Book	Position ID	CUSIP	Sub Type	PRODUCT_CODE_2052a_Collateral_Class	Issuer	Current Factor	Coupon	Maturity Date	Nominal	CA_NOTIONAL	TOTAL_PAYDOWN_BOOK_VALUE	MTB_BOOK VALUE (Clean)	PV_NET (MV Clean)	MTB_BOOK PRICE (Clean)	PRICE (Mkt)	NPV_DISC (Clean MTM)	Curve Date	Prepay Model	Prepay Rate	Vol Model	Curve Type	Forward Yield	Effective Duration	Effective Convexity	Effective DV01	Dollar Duration	1YR	2YR	3YR	5YR	10YR	20YR	30YR	Average Life	LT CPR	OAS	Z-Spread	Factor	Life CPR	GWAC	WALA	WALS	MaxServicerName	MaxServicerPercent	Eff. Dur	DV01	Dollar Return	Eff. Dur	DV01	Dollar Return	Eff. Dur	DV01	Dollar Return	Eff. Dur	DV01	Dollar Return
AFS	614707	3132WWYD8	Agency CMBS	G-2-Q	FREDDIE MAC	0.87548969	3.6	4/1/2030	2300000	 2,013,626 	 19,426.92 	1955474.67	1977567.22	97.1121	98.2092471	22092.55	12/31/2025	CPY	0	LMMSOFRFLAT	RFRSwap	4.09	3.75	0.19	0.037	 743 	0.03	0.05	1.30	2.37	0.00	0.00	0.00	4.1	NA	67	65	0.87	0.0	5.19	141	 28,789,672 	NA	NA	3.84	0.04	7.77	3.79	0.04	3.78	3.70	0.04	-3.60	3.66	0.03	-7.03
HTM	613432	3132XFJ25	Agency CMBS	G-2-Q	FREDDIE MAC	1	3.85	9/1/2032	15714000	 15,714,000 	 -   	15514871.14	15216534.92	98.7328	96.8342556	-298336.22	12/31/2025	CPY	0	LMMSOFRFLAT	RFRSwap	4.45	5.82	0.42	0.057	 8,883 	0.01	0.01	0.02	3.78	2.00	0.00	0.00	6.7	NA	84	83	1.00	0.0	4.38	40	 NA 	NA	NA	5.99	0.07	12.18	5.90	0.06	5.86	5.73	0.05	-5.45	5.65	0.05	-10.53
HTM	613956	3132XFJ41	Agency CMBS	G-2-Q	FREDDIE MAC	1	3.9	10/1/2029	28657000	 28,657,000 	 -   	28509585.46	28485564.91	99.4856	99.4017689	-24020.54	12/31/2025	CPY	0	LMMSOFRFLAT	RFRSwap	4.08	3.48	0.16	0.035	 9,957 	0.01	0.01	2.04	1.42	0.00	0.00	0.00	3.8	NA	68	66	1.00	0.0	4.72	39	 NA 	NA	NA	3.56	0.04	7.28	3.52	0.04	3.56	3.45	0.03	-3.40	3.41	0.03	-6.64
HTM	614474	3132XFJX7	Agency CMBS	G-2-Q	FREDDIE MAC	1	3.9	9/1/2032	10365000	 10,365,000 	 -   	10259362.36	10066739.13	98.9808	97.1224229	-192623.22	12/31/2025	CPY	0	LMMSOFRFLAT	RFRSwap	4.45	5.81	0.42	0.057	 5,869 	0.01	0.01	0.02	3.77	2.00	0.00	0.00	6.7	NA	84	83	1.00	0.0	4.45	40	 NA 	NA	NA	5.98	0.07	12.19	5.90	0.06	5.87	5.73	0.05	-5.46	5.64	0.05	-10.54
HTM	614318	3132XFJY5	Agency CMBS	G-2-Q	FREDDIE MAC	1	4.05	9/1/2032	21258000	 21,258,000 	 -   	21366973.76	20842118.29	100.5126	98.0436461	-524855.48	12/31/2025	CPY	0	LMMSOFRFLAT	RFRSwap	4.44	5.79	0.42	0.057	 12,102 	0.01	0.01	0.03	3.76	1.98	0.00	0.00	6.7	NA	84	82	1.00	0.0	4.70	40	 NA 	NA	NA	5.96	0.07	12.26	5.87	0.06	5.91	5.70	0.05	-5.49	5.62	0.05	-10.60
AFS	612638	3132XFKJ6	Agency CMBS	G-2-Q	FREDDIE MAC	1	3.9	12/1/2029	45911000	 45,911,000 	 -   	45501173.21	45604023.49	99.1073	99.3313661	102850.28	12/31/2025	CPY	0	LMMSOFRFLAT	RFRSwap	4.10	3.62	0.17	0.036	 16,562 	0.01	0.01	1.83	1.76	0.00	0.00	0.00	4.0	NA	69	67	1.00	0.0	5.44	37	 NA 	NA	NA	3.71	0.04	7.57	3.66	0.04	3.70	3.58	0.03	-3.52	3.54	0.03	-6.88
AFS	613568	3132XFN38	Agency CMBS	G-2-Q	FREDDIE MAC	1	4.3	9/1/2028	84958000	 84,958,000 	 -   	83744548.31	86025724.62	98.5717	101.2567676	2281176.31	12/31/2025	CPY	0	LMMSOFRFLAT	RFRSwap	3.80	2.54	0.09	0.026	 21,930 	0.02	0.67	1.86	0.00	0.00	0.00	0.00	2.7	NA	45	43	1.00	0.0	5.94	28	 NA 	NA	NA	2.59	0.03	5.35	2.57	0.03	2.63	2.51	0.02	-2.54	2.49	0.02	-4.98
AFS	614416	3132XG5P7	Agency CMBS	G-2-Q	FREDDIE MAC	1	3.75	12/1/2031	36451000	 36,451,000 	 -   	34905263.15	35462459.41	95.7594	97.2880289	557196.26	12/31/2025	CPY	0	LMMSOFRFLAT	RFRSwap	4.31	5.24	0.35	0.051	 18,628 	0.01	0.01	0.03	4.19	1.01	0.00	0.00	6.0	NA	76	74	1.00	0.0	4.72	13	 NA 	NA	NA	5.38	0.06	10.93	5.31	0.05	5.28	5.17	0.05	-4.95	5.09	0.04	-9.58
AFS	614012	3132XG5S1	Agency CMBS	G-2-Q	FREDDIE MAC	1	4	9/1/2031	84500000	 84,500,000 	 -   	82215230.93	83576607.91	97.2961	98.9072283	1361376.99	12/31/2025	CPY	0	LMMSOFRFLAT	RFRSwap	4.26	4.97	0.31	0.049	 41,652 	0.01	0.03	0.07	4.15	0.71	0.00	0.00	5.7	NA	73	71	1.00	0.0	5.07	16	 NA 	NA	NA	5.10	0.06	10.51	5.03	0.05	5.09	4.90	0.05	-4.78	4.83	0.04	-9.26
PUB_HTM	614620	3132XGJS6	Agency CMBS	G-2-Q	FREDDIE MAC	0.99724195	1.21	10/1/2030	50000000	 49,862,098 	 126,968.95 	46262756.75	43829110.5	92.7814	87.9006554	-2433646.25	12/31/2025	CPY	0	LMMSOFRFLAT	RFRSwap	4.13	4.38	0.24	0.039	 19,219 	0.00	0.00	0.38	3.99	0.00	0.00	0.00	4.6	NA	67	64	1.00	0.0	2.76	63	 NA 	NA	NA	4.48	0.04	8.16	4.43	0.04	3.96	4.33	0.04	-3.75	4.28	0.03	-7.30
PUB_HTM	614779	3132XGKD7	Agency CMBS	G-2-Q	FREDDIE MAC	0.98112639	1.51	12/1/2030	49852000	 48,911,113 	 440,254.87 	45872178.06	42912068.9	93.7868	87.7348039	-2960109.16	12/31/2025	CPY	0	LMMSOFRFLAT	RFRSwap	4.43	4.44	0.25	0.039	 19,073 	0.01	0.01	0.06	4.35	0.00	0.00	0.00	4.7	NA	95	94	0.98	0.0	3.45	61	 NA 	NA	NA	4.55	0.04	8.26	4.49	0.04	4.01	4.38	0.04	-3.79	4.33	0.03	-7.37
HTM	613311	3132XGQN9	Agency CMBS	G-2-Q	FREDDIE MAC	1	4	9/1/2032	18969000	 18,969,000 	 -   	19005844.14	18513789.35	100.1942	97.6002391	-492054.78	12/31/2025	CPY	0	LMMSOFRFLAT	RFRSwap	4.48	5.64	0.40	0.055	 10,472 	0.01	0.03	0.10	3.64	1.85	0.00	0.00	6.5	NA	88	86	1.00	0.0	4.72	40	 NA 	NA	NA	5.81	0.06	11.88	5.72	0.06	5.72	5.55	0.05	-5.33	5.47	0.05	-10.29
HTM	614019	3132XGRE8	Agency CMBS	G-2-Q	FREDDIE MAC	1	3.6	10/1/2032	29345000	 29,345,000 	 -   	28681200.94	27893071.85	97.7379	95.0522128	-788129.09	12/31/2025	CPY	0	LMMSOFRFLAT	RFRSwap	4.52	5.75	0.42	0.055	 16,096 	0.01	0.03	0.08	3.64	2.00	0.00	0.00	6.6	NA	92	90	1.00	0.0	4.54	39	 NA 	NA	NA	5.93	0.06	11.81	5.84	0.06	5.69	5.67	0.05	-5.29	5.58	0.05	-10.22
HTM	613886	3132XGRP3	Agency CMBS	G-2-Q	FREDDIE MAC	1	3.25	11/1/2032	43614000	 43,614,000 	 -   	41642367.45	40763415.87	95.4794	93.4640617	-878951.58	12/31/2025	CPY	0	LMMSOFRFLAT	RFRSwap	4.43	5.86	0.43	0.055	 23,976 	0.00	0.02	0.08	3.62	2.14	0.00	0.00	6.7	NA	82	80	1.00	0.0	4.19	38	 NA 	NA	NA	6.04	0.06	11.85	5.95	0.06	5.71	5.78	0.05	-5.30	5.69	0.05	-10.23
HTM	613317	3132XGRS7	Agency CMBS	G-2-Q	FREDDIE MAC	0.98883642	4.17	11/1/2029	41469000	 41,006,058 	 213,877.83 	41172575.34	41059729.92	100.4061	100.130889	-112845.42	12/31/2025	CPY	0	LMMSOFRFLAT	RFRSwap	4.15	3.46	0.16	0.035	 14,263 	0.03	0.04	1.88	1.52	0.00	0.00	0.00	3.8	NA	74	72	0.99	0.0	4.95	38	 NA 	NA	NA	3.55	0.04	7.29	3.50	0.04	3.56	3.42	0.03	-3.40	3.38	0.03	-6.64
AFS	614352	3132XGRW8	Agency CMBS	G-2-Q	FREDDIE MAC	1	3.9	12/1/2029	11321000	 11,321,000 	 -   	11214269.57	11225185.31	99.0572	99.1536552	10915.73	12/31/2025	CPY	0	LMMSOFRFLAT	RFRSwap	4.15	3.56	0.17	0.035	 4,004 	0.02	0.03	1.80	1.70	0.00	0.00	0.00	3.9	NA	74	72	1.00	0.0	5.50	37	 NA 	NA	NA	3.64	0.04	7.42	3.60	0.04	3.62	3.51	0.03	-3.45	3.47	0.03	-6.75
AFS	614249	3132XGST4	Agency CMBS	G-2-Q	FREDDIE MAC	1	4.1	1/1/2030	23099000	 23,099,000 	 -   	22736521.53	23087928.33	98.4308	99.9520686	351406.8	12/31/2025	CPY	0	LMMSOFRFLAT	RFRSwap	4.13	3.59	0.17	0.036	 8,317 	0.03	0.04	1.67	1.86	0.00	0.00	0.00	4.0	NA	72	70	1.00	0.0	5.59	36	 NA 	NA	NA	3.68	0.04	7.56	3.63	0.04	3.69	3.55	0.03	-3.52	3.50	0.03	-6.87
AFS	613749	3132XGSZ0	Agency CMBS	G-2-Q	FREDDIE MAC	1	4.2	1/1/2030	21224000	 21,224,000 	 -   	20964832.47	21289639.95	98.7789	100.3092723	324807.48	12/31/2025	CPY	0	LMMSOFRFLAT	RFRSwap	4.13	3.59	0.17	0.036	 7,668 	0.03	0.04	1.66	1.86	0.00	0.00	0.00	4.0	NA	72	70	1.00	0.0	5.89	36	 NA 	NA	NA	3.68	0.04	7.59	3.63	0.04	3.70	3.55	0.03	-3.53	3.50	0.03	-6.89
AFS	614703	3132XGT48	Agency CMBS	G-2-Q	FREDDIE MAC	1	4.25	1/1/2030	10526000	 10,526,000 	 -   	10589405.85	10539531.8	100.6024	100.128556	-49874.04	12/31/2025	CPY	0	LMMSOFRFLAT	RFRSwap	4.23	3.59	0.17	0.036	 3,792 	0.03	0.04	1.66	1.85	0.00	0.00	0.00	4.0	NA	82	80	1.00	0.0	5.89	36	 NA 	NA	NA	3.67	0.04	7.56	3.63	0.04	3.69	3.54	0.03	-3.52	3.50	0.03	-6.87
AFS	613540	3132XGX92	Agency CMBS	G-2-Q	FREDDIE MAC	1	4.83	11/1/2028	49166000	 49,166,000 	 -   	49252521.23	50210561.51	100.176	102.1245607	958040.29	12/31/2025	CPY	0	LMMSOFRFLAT	RFRSwap	4.03	2.65	0.10	0.027	 13,360 	0.03	0.28	2.35	0.00	0.00	0.00	0.00	2.9	NA	68	66	1.00	0.0	6.30	26	 NA 	NA	NA	2.71	0.03	5.64	2.68	0.03	2.77	2.62	0.03	-2.67	2.59	0.03	-5.24
AFS	613044	3132XGYZ3	Agency CMBS	G-2-Q	FREDDIE MAC	1	4.5	12/1/2028	32020000	 32,020,000 	 -   	31733864.87	32490317.96	99.1064	101.4688256	756453.09	12/31/2025	CPY	0	LMMSOFRFLAT	RFRSwap	3.96	2.73	0.10	0.028	 8,901 	0.02	0.08	2.63	0.00	0.00	0.00	0.00	3.0	NA	60	58	1.00	0.0	6.06	25	 NA 	NA	NA	2.79	0.03	5.78	2.76	0.03	2.83	2.70	0.03	-2.73	2.67	0.03	-5.35
AFS	612783	3132XGZJ8	Agency CMBS	G-2-Q	FREDDIE MAC	1	4.5	12/1/2028	76953000	 76,953,000 	 -   	75705861.39	78276359.12	98.3794	101.7196979	2570497.73	12/31/2025	CPY	0	LMMSOFRFLAT	RFRSwap	3.87	2.73	0.10	0.028	 21,447 	0.02	0.08	2.63	0.00	0.00	0.00	0.00	3.0	NA	52	49	1.00	0.0	6.12	25	 NA 	NA	NA	2.79	0.03	5.79	2.76	0.03	2.84	2.70	0.03	-2.73	2.67	0.03	-5.37
PUB_HTM	613602	3132XHLC6	Agency CMBS	G-2-Q	FREDDIE MAC	0.92382924	2.32	8/1/2031	16150000	 14,919,842 	 149,033.67 	14541545.47	13560530.79	97.4645	90.8892372	-981014.68	12/31/2025	CPY	0	LMMSOFRFLAT	RFRSwap	4.29	4.84	0.30	0.044	 6,582 	0.02	0.03	0.07	4.11	0.61	0.00	0.00	5.3	NA	77	75	0.92	0.0	4.21	77	 NA 	NA	NA	4.98	0.05	9.40	4.91	0.05	4.55	4.78	0.04	-4.28	4.71	0.04	-8.30
AFS	613528	3132XKR66	Agency CMBS	G-2-Q	FREDDIE MAC	1	4.05	3/1/2029	27915000	 27,915,000 	 -   	27777433.02	27891398.79	99.5072	99.9154533	113965.77	12/31/2025	CPY	0	LMMSOFRFLAT	RFRSwap	4.07	2.96	0.12	0.030	 8,280 	0.02	0.04	2.56	0.34	0.00	0.00	0.00	3.2	NA	71	69	1.00	0.0	5.76	22	 NA 	NA	NA	3.02	0.03	6.18	2.99	0.03	3.03	2.93	0.03	-2.91	2.90	0.03	-5.70
AFS	614796	3132XKR74	Agency CMBS	G-2-Q	FREDDIE MAC	1	4.05	3/1/2029	12525000	 12,525,000 	 -   	12463275.99	12514410.53	99.5072	99.9154533	51134.54	12/31/2025	CPY	0	LMMSOFRFLAT	RFRSwap	4.07	2.96	0.12	0.030	 3,715 	0.02	0.04	2.56	0.34	0.00	0.00	0.00	3.2	NA	71	69	1.00	0.0	5.76	22	 NA 	NA	NA	3.02	0.03	6.18	2.99	0.03	3.03	2.93	0.03	-2.91	2.90	0.03	-5.70
AFS	614076	3132XKR82	Agency CMBS	G-2-Q	FREDDIE MAC	1	4.12	6/1/2029	98320000	 98,320,000 	 -   	98265252.7	98584170.7	99.9443	100.2686846	318918	12/31/2025	CPY	0	LMMSOFRFLAT	RFRSwap	4.04	3.16	0.13	0.032	 31,259 	0.02	0.03	2.35	0.75	0.00	0.00	0.00	3.4	NA	66	64	1.00	0.0	5.59	19	 NA 	NA	NA	3.23	0.03	6.64	3.19	0.03	3.25	3.13	0.03	-3.11	3.09	0.03	-6.10
AFS	613381	3132XKRY5	Agency CMBS	G-2-Q	FREDDIE MAC	1	4.41	3/1/2029	17475000	 17,475,000 	 -   	17470904.3	17650527.29	99.9766	101.004448	179622.99	12/31/2025	CPY	0	LMMSOFRFLAT	RFRSwap	4.07	2.94	0.12	0.030	 5,215 	0.02	0.04	2.54	0.34	0.00	0.00	0.00	3.2	NA	70	68	1.00	0.0	5.76	22	 NA 	NA	NA	3.01	0.03	6.22	2.98	0.03	3.05	2.91	0.03	-2.93	2.88	0.03	-5.74
