CUSIP	 Total Issued 	Par Amount 
36179NND6	332,225,474	 14,300,137 
31419LZY2	419,022,529	 20,213,898 
3136BR3G0	128,408,000	 80,366,106 
3138WVXA4	22,410,962	 949,455 
3140LJJV9	9,750,000	 9,750,000 
3620ADCF7	4,578,211	 397,625 
3138XMKS8	1,903,424	 29,803 
36179UFE7	118,073,924	 12,191,522 
36179NNP9	93,728,270	 2,715,090 
3137F9L58	265,000,000	 163,841,166 
31403YCN1	4,574,137	 7,883 
36230RYW0	4,608,180	 263,589 
3620ASHA0	21,315,546	 701,431 
36179TB46	300,308,769	 25,629,242 
31418DEL2	1,071,740,166	 94,409,966 
3140NUGP8	63,423,000	 63,423,000 
36179N2Z0	285,083,829	 6,084,809 
3140NU4A4	13,990,000	 13,990,000 
31385SB49	16,172,203	 9,841 
3128MMQ55	2,127,251,106	 72,869,221 
31307ND35	14,677,732	 870,932 
36202EJG5	129,997,872	 1,439,522 
31419JEA2	140,160,183	 7,497,540 
36179NQA9	55,540,064	 1,942,275 
36202K5U5	323,164,740	 1,512 
3618KCAY3	1,038,583	 355,056 
36202D2D2	417,745,833	 4,826,226 
3132D54K5	1,928,470,714	 333,066,293 
36179SH26	505,757,089	 37,143,094 
36176DKU6	75,322,795	 3,687,254 
3140Y6GK0	3,414,925	 3,335,885 
3140NVNU7	76,800,000	 76,800,000 
31418EAW0	3,085,970,910	 2,112,924,134 
3138WJ4N5	40,048,614	 6,025,300 
36225DHZ0	21,722,814	 89,120 
36179NK72	359,095,099	 8,406,739 
31418EAR1	3,422,468,182	 2,087,201,804 
31418CET7	328,231,768	 46,604,319 
3622ACDC1	53,037,443	 38,760,599 
36225CE77	53,606,020	 16,647 
31307SD26	38,318,045	 6,578,224 
3137H9JG5	967,138,000	 967,138,000 
3140Y6GA2	10,101,685	 9,119,508 
3140JCG57	52,537,000	 52,537,000 
36178ES42	2,458,864	 489,799 
3132GKF50	498,255,665	 19,593,221 
3138YKMY6	31,918,520	 2,355,516 
3128KRY32	3,444,017	 106,175 
36179NUG1	7,071,998	 262,614 
36225CC79	777,124,655	 92,455 
3140NV6V4	60,900,000	 60,900,000 
3140LA5F8	4,442,000	 4,324,571 
3140NUH36	18,769,000	 18,769,000 
3140NU6K0	18,713,000	 18,713,000 
36179UBD3	403,924,950	 35,338,307 
3128LUXG6	50,093,496	 253,176 
3132XFKJ6	45,911,000	 45,911,000 
3140Y6R28	1,149,635	 1,133,662 
3140Q7UE5	86,005,010	 12,123,874 
36202K6Z3	377,102,584	 14,564 
36202ECA5	1,535,204,859	 20,611,384 
3133KYYE3	80,925,480	 51,137,136 
36179UAJ1	174,410,767	 7,065,527 
36179RVM8	115,787,768	 6,310,995 
36179NDR6	9,294,610,529	 922,113,663 
3140J2LT1	18,400,000	 18,205,521 
36202K6D2	644,718,106	 12,179 
31418BZQ2	572,815,663	 62,385,646 
3620ARLU3	814,314,513	 27,808,743 
3142GU5Q2	5,583,377	 5,162,248 
31426RAV3	1,164,096	 1,148,785 
3137HLDB5	82,466,000	 63,337,338 
3136BWLU8	67,136,000	 52,325,961 
31426NG53	1,342,172	 979,760 
3142GUPG2	2,895,307	 2,807,332 
3137HLJN3	50,000,000	 38,529,109 
3140Y6VQ0	1,422,161	 1,396,216 
3140XG7D5	44,816,202	 25,152,306 
36179Q7C9	6,959,754	 232,982 
3133KYWE5	2,171,055,263	 1,521,460,114 
3132D53U4	696,763,449	 83,245,778 
38384NJK2	80,595,000	 65,095,834 
31386Y5B6	135,959,139	 67,164 
3620ASGA1	36,660,618	 1,167,622 
36291HTN4	11,892,119	 136,896 
36179RM48	117,028,907	 6,218,915 
36225CP59	165,061,263	 252,527 
36179NF86	507,427,349	 50,041,166 
3132DTK33	45,933,169	 37,672,708 
3138EMZC8	50,000,000	 1,839,703 
3138ELGM9	250,000,000	 1,860,800 
3128LLK21	40,040,026	 427,105 
3140L0SH1	26,373,750	 17,182,839 
36225CYF7	84,601,624	 395,050 
36179SEU7	56,494,597	 2,312,941 
36179NDJ4	163,131,587	 8,720,483 
36179ME30	16,566,290,105	 1,223,674,651 
31288ED61	3,203,315	 49,207 
31409GUE4	2,212,732	 199,914 
3133AUQF8	32,954,973	 22,685,171 
36179NM62	87,881,420	 331,171 
3138WJKT4	351,228,702	 50,039,992 
3138WKMQ5	25,133,491	 3,197,179 
3128JNJ22	24,593,053	 111,847 
3137HLB43	73,037,000	 57,178,810 
3140BDFZ8	1,634,352	 1,440,512 
3140Y6VS6	1,067,892	 1,055,885 
3140NYC66	44,500,000	 44,500,000 
3140NX6G3	9,970,000	 9,880,021 
36178ER68	1,596,941	 349,702 
36179RHL6	427,620,971	 19,140,661 
36225C6F8	396,970,490	 1,792,155 
36225CKM7	357,031,257	 409,272 
36179T5A9	142,844,667	 5,080,122 
36225DPY4	22,587,379	 393,609 
31412HR68	796,604	 42,755 
36179NKP2	287,851,411	 7,446,304 
3138EJRG5	250,000,000	 1,404,153 
31419E5S4	82,057,038	 4,726,627 
36296XD43	1,660,346	 147,291 
36179RHM4	50,332,372	 2,245,834 
36179NZP6	206,219,077	 4,256,587 
36179ULU4	3,528,945	 289,093 
36179TY82	64,245,042	 5,891,754 
3140NUFS3	72,000,000	 72,000,000 
36179TST3	53,512,508	 1,930,343 
36179QFF3	303,045,267	 6,908,308 
36179NQ43	5,322,812,556	 498,632,936 
3128MEAH4	60,980,773	 2,951,254 
3137F9CT6	885,643,000	 885,643,000 
31417GLG9	127,055,838	 3,308,718 
3140XJZU0	30,840,701	 21,308,088 
36178EPR4	26,105,485	 1,946,161 
31307NYD0	101,781,573	 8,825,087 
36179S4K0	275,200,497	 23,185,221 
3128NUBW3	110,809,784	 500,829 
36225CVW3	644,154,133	 1,674,453 
3128MJZF0	14,529,657,727	 2,840,231,194 
3140LBLX9	30,980,000	 30,765,779 
31385DRS2	47,450,600	 25,737 
3140NWW43	33,000,000	 33,000,000 
31410BGQ1	3,195,183	 99,559 
31407ER96	3,598,316	 94,540 
36179TSV8	7,138,038	 224,413 
3128L7EG8	3,228,512	 140,317 
3140JCQ64	100,802,508	 96,950,860 
36179RJU4	281,685,117	 7,721,938 
36179RL49	225,717,504	 12,580,602 
3140NUEQ8	16,313,000	 16,313,000 
3622ACCL2	37,507,352	 28,237,181 
3136BSY25	20,000,000	 13,472,599 
36178EUF4	6,063,811	 338,267 
36179Q7D7	11,045,493	 231,772 
3138YHW63	7,777,214	 1,574,514 
3133BKLB3	9,639,374	 7,492,409 
36225DM84	151,713,097	 3,676,306 
36179SU88	70,895,646	 2,180,610 
3128QJLN4	63,006,708	 331,209 
3128QLSA0	149,077,480	 652,385 
3128PXT71	2,266,970,126	 6,557,891 
36225CP67	285,865,479	 231,388 
36225FF53	278,821,534	 7,283,050 
3138YUHB0	7,978,871	 2,062,835 
36210A5T0	152,334,076	 78,147 
3140LAZ65	60,270,000	 60,270,000 
3138EMZQ7	355,265,009	 11,346,436 
3128MMTN3	1,759,856,411	 131,847,263 
3128JRXD3	51,900,465	 347,681 
3140NU3F4	6,156,000	 6,077,340 
3136BVAL2	56,793,000	 40,482,819 
31418DJJ2	3,278,935,246	 565,931,567 
312941RR0	1,570,299	 167,484 
3132DV7J8	21,089,434,168	 10,928,861,338 
31417GY34	262,175,397	 8,382,217 
36179UEN8	32,534,859	 1,293,418 
3138EKHE8	260,000,000	 5,534,461 
36178EP78	14,883,039	 2,261,695 
36178ENX3	14,410,563	 1,785,437 
36176EBV2	70,070,678	 2,860,905 
3620E1GL2	2,129,291	 164,562 
36179RAZ2	361,192,498	 13,310,030 
36225CXK7	128,460,047	 321,945 
3138EM6H9	25,000,000	 1,004,140 
3138WBLG8	16,660,118	 2,265,337 
36179NV54	84,157,211	 1,171,996 
3622ACAR1	50,001,000	 36,380,958 
31410LUN0	305,081,639	 43,549,980 
3140QPYE1	125,169,370	 88,096,836 
36225DLA0	276,119,484	 4,811,305 
31307H2G1	11,611,970	 802,699 
3137H9M89	930,365,000	 930,365,000 
3128KWVU4	1,828,883	 23,759 
36179SDP9	353,087,088	 23,413,212 
36202EJH3	625,202,426	 5,559,106 
31296WN86	1,311,533	 52,288 
36225DQW7	93,574,025	 809,049 
36179SXA0	48,853,753	 2,552,425 
36202K7A7	1,176,544,842	 36,896 
31307HYS0	2,279,187	 230,139 
3138A8J56	199,465,147	 7,535,161 
31292LFZ3	54,001,298	 3,939,396 
31295NF78	38,925,881	 37,481 
3622ACAH3	31,974,962	 22,619,917 
3128NH7K3	12,415,753	 169,533 
36179QYR6	3,908,100,535	 353,465,730 
3133KYVY2	2,069,529,382	 1,375,460,179 
31414SEQ2	2,026,038	 85,367 
3138E9AD2	50,021,455	 49,689 
36296XD50	1,448,360	 123,382 
31403YC84	4,601,005	 51,577 
3140NVSX6	39,907,000	 39,907,000 
3622ACTV2	16,734,925	 12,358,368 
3138WQBY7	13,516,848	 416,002 
31307PBJ7	33,693,383	 2,378,173 
36179RTM1	260,292,249	 10,898,996 
3138ANCG6	2,750,548	 134,066 
36225CBX3	430,771,141	 55,483 
3140GQ4Y9	14,872,902	 3,423,200 
36179NQU5	62,947,137	 1,475,149 
3140NXZZ9	32,824,000	 32,824,000 
3140Q86T7	14,154,788	 477,631 
36225CD29	1,049,773,867	 254,917 
3140JCMT8	87,175,000	 87,175,000 
31409XGU7	1,055,054	 28,268 
3132XGZJ8	76,953,000	 76,953,000 
31418CVH4	164,542,787	 5,968,656 
31389GLF5	69,084,140	 57,193 
36211BGJ7	4,373,547	 4,073 
36179QUG4	198,364,681	 3,824,705 
36202EF20	896,694,204	 13,348,486 
3132DSTQ5	57,239,329	 46,412,910 
36178EN62	2,764,870	 349,377 
3138W9RP7	39,353,812	 1,345,172 
36179NQB7	293,741,399	 6,661,970 
36178ERN1	3,275,149	 321,296 
3137FYNM4	50,000,000	 30,550,197 
31413DUG0	1,301,285	 117,077 
3140QWAY8	35,489,068	 30,744,147 
36292AWX2	35,263,403	 157,342 
36179QZ95	192,736,035	 8,064,824 
36202DYJ4	140,148,598	 1,031,613 
3138ELDS9	31,729,508	 506,987 
3132KEUE3	50,003,005	 1,796,279 
36182N5Y5	5,850,171	 484,333 
3620AMP48	94,818,967	 6,349,124 
3142GUCR2	5,944,611	 5,853,088 
36179NLE6	3,724,368,007	 211,922,610 
36179SZV2	330,252,972	 26,684,519 
3132DWBJ1	4,615,858,576	 2,877,752,460 
31418BWJ1	132,692,594	 8,967,693 
36179REM7	200,758,447	 4,475,052 
3140NU2L2	48,325,000	 48,325,000 
31371MPX9	18,133,671	 84,958 
36178EUK3	5,211,386	 747,100 
3133AXLG5	35,429,847	 26,922,501 
3140JCMF8	41,452,100	 41,452,100 
36202K3U7	601,142,764	 535 
3140NVWQ6	7,085,000	 7,085,000 
31307C4J4	22,558,867	 590,382 
36225C5Q5	20,598,857	 171,217 
36295PND0	83,499,238	 502,722 
3140FKR28	19,268,072	 2,454,830 
3137HKCN2	65,734,000	 47,236,285 
36179SH34	264,201,820	 20,531,639 
3140XP5Q8	36,006,077	 31,822,443 
3132D54U3	1,577,935,799	 273,974,184 
3140J17B8	43,600,000	 42,070,483 
36179SDQ7	369,012,937	 25,832,208 
36179QK91	165,769,103	 4,863,611 
31416XYZ7	249,603,281	 9,814,416 
3138AQBN5	60,904,383	 2,981,302 
3132XFN38	154,958,000	 154,958,000 
3132GKKR6	160,772,021	 6,226,853 
36179QQ38	6,420,072	 266,683 
31374GB97	137,891,630	 880 
36178ERP6	2,156,281	 373,019 
36179QK75	75,113,856	 3,350,091 
36225C5G7	215,617,215	 1,116,608 
36179RDA4	420,100,618	 16,366,229 
3136BFCB7	125,000,000	 95,006,278 
3132D54D1	2,047,590,045	 336,529,839 
3140QGNM5	249,280,145	 153,998,466 
3140NWFP5	9,621,000	 9,621,000 
31417Y4B0	116,665,413	 4,934,988 
3128MMT37	1,527,809,796	 103,411,976 
3138AV5V3	192,268,192	 7,052,142 
3138X6M77	196,872,474	 4,879,256 
31416SRM5	2,409,480	 149,360 
3137HK5Z3	76,146,000	 55,113,732 
3140J6AW7	29,303,756	 4,893,830 
3133GA6B7	51,788,623	 23,902,304 
3128MMSJ3	596,092,672	 24,108,259 
31384YDE3	20,353,214	 23,705 
36179NMN5	474,734,521	 13,613,611 
31417GD60	30,926,938	 1,459,985 
3140HW4G4	336,258,000	 336,258,000 
36230UD63	201,974,275	 11,909,169 
36178EMN6	3,477,191	 793,560 
3620A2KM7	11,250,970	 248,721 
38383VQQ4	30,000,000	 21,004,313 
3140JCP65	65,402,000	 65,402,000 
3140XJX57	90,979,883	 66,822,751 
31418DSH6	28,533,342,788	 16,222,411,194 
31418D5P3	912,660,270	 721,318,644 
3622ACW97	57,107,172	 36,307,693 
36179S6V4	341,337,467	 28,293,490 
3128LUUV6	50,007,981	 235,494 
3132DWCN1	27,133,005,692	 20,340,589,282 
3140NUE88	11,986,000	 11,986,000 
31418DC91	1,522,607,201	 136,793,361 
36179UEJ7	4,591,883	 344,697 
3132DWCZ4	18,304,951,588	 13,945,165,167 
3140HWBB7	20,461,000	 20,211,833 
3133ASLA9	20,061,168	 14,245,942 
36179QXS5	501,449,422	 16,842,207 
36225CJL1	38,576,973	 25,653 
36179TWG6	90,284,573	 3,474,766 
31418CFL3	1,154,857,733	 146,774,369 
3132E0G48	30,676,273	 24,290,520 
3140XJRN5	46,045,540	 29,570,953 
36211LFM9	2,905,083	 54,084 
31418EL73	238,275,057	 125,437,187 
3138MSCC1	148,921,826	 2,696,085 
36230L6X2	3,504,907	 313,960 
3138XXGD2	262,543,300	 1,423,098 
3132DNUZ4	29,770,592	 19,067,327 
31307NQE7	22,001,662	 1,669,317 
36202EZA0	309,886,767	 769,722 
36179RP60	121,742,035	 6,720,337 
36180N6L4	13,735,045	 253,613 
31418BYV2	528,948,218	 62,296,178 
3137HHJG7	106,125,000	 106,125,000 
3137HL3K6	107,115,000	 91,039,024 
3133N3W91	5,808,571,613	 3,520,153,901 
3140J1QQ4	28,230,000	 27,815,658 
36179MX47	4,601,522,449	 437,093,556 
36225DGA6	360,354,501	 4,488,042 
3140Y6VR8	1,259,911	 1,244,549 
3140BCT77	1,019,620	 1,005,175 
36179SFS1	410,582,487	 31,362,487 
3138WH5D0	200,789,987	 29,167,410 
36178ERC5	20,442,466	 3,041,003 
36225CZP4	478,181,580	 2,461,841 
31400JTW9	1,655,233	 26,804 
31418DD74	497,293,079	 18,881,119 
3133ARR72	170,559,356	 130,225,099 
31307HQ34	5,852,756	 303,998 
38384VBC0	61,309,000	 42,890,496 
3138WFYS9	151,388,088	 8,454,418 
36179S6W2	251,313,154	 23,159,827 
3140JCAH7	79,635,171	 60,776,636 
36179TKW4	162,681,084	 16,294,645 
36179T3J2	45,746,387	 3,897,217 
31413BBM2	2,898,133	 108,356 
3133KMNY7	100,000,851	 67,425,554 
3136BSVV4	47,888,000	 31,710,485 
36225C4J2	171,307,815	 679,885 
36179RTK5	166,466,420	 6,315,877 
3140X83J4	101,945,090	 70,415,686 
3137HK5V2	51,313,000	 41,169,173 
3138WZTM4	35,385,286	 1,367,324 
36179RKU2	91,504,098	 4,546,538 
36225ECR1	35,110,121	 241,086 
36179RWJ4	434,820,778	 26,819,615 
31407FFH8	1,360,664	 127,631 
3622A2GS5	101,389,404	 1,459,833 
3133KYWT2	509,375,774	 342,674,030 
31419FM86	109,057,601	 2,653,772 
3128LLCD6	40,309,953	 475,804 
36179SFU6	37,496,790	 3,595,793 
36179S3A3	97,034,196	 3,770,640 
36179QFG1	229,864,517	 6,465,721 
3136BDL55	160,000,000	 118,637,493 
3138WFHB5	50,319,614	 3,807,925 
3140QQGD1	137,949,612	 95,618,027 
36179TVB8	92,661,178	 9,847,626 
36179RZ51	94,895,590	 3,684,629 
36202EYF0	567,570,095	 975,392 
3140LAAF2	26,425,000	 25,634,193 
36225CX84	434,271,109	 690,461 
3140NURA9	44,525,000	 44,525,000 
3138WH5F5	151,315,510	 21,139,875 
36225CAX4	265,258,494	 20,589 
3133KYWJ4	1,151,223,729	 798,320,861 
3140XCVZ8	104,734,185	 74,224,019 
36225CX76	143,960,416	 501,390 
31384YDB9	99,585,089	 88,431 
3128QUA68	23,194,731	 204,461 
3133AUFA1	138,326,906	 91,639,200 
3140JCKP8	71,967,473	 71,912,512 
3128MMQY2	4,271,154,896	 130,871,816 
3138AQCB0	76,829,582	 2,106,912 
3622ACAQ3	36,430,120	 26,116,785 
3140Q7ZY6	30,059,373	 4,329,973 
36202DWE7	388,726,691	 2,385,029 
36225CP34	69,078,243	 110,037 
36178EM55	9,239,554	 117,371 
36225CLH7	357,540,303	 478,131 
36178EQR3	4,224,464	 717,775 
36179TKC8	117,264,186	 6,210,424 
36179NQ76	386,094,761	 17,834,049 
31307QCA3	5,000,926	 447,157 
3140Q72Q9	78,699,267	 10,708,625 
3140NU3G2	19,908,000	 19,908,000 
3140QF3T4	100,651,860	 64,697,869 
3140XJVY6	88,850,520	 62,071,552 
36179TMV4	167,307,640	 18,236,468 
36179NK64	231,206,227	 14,457,531 
36179SRW9	710,976,533	 66,613,688 
36209NDW9	26,731,063	 1,172 
3133KYSV2	901,325,757	 189,221,607 
36179SZW0	266,072,281	 23,516,019 
38385DB21	39,787,000	 28,059,599 
36176XQB8	456,646,379	 2,101,884 
31418ELD0	360,000,945	 176,287,506 
36179SL54	31,949,412	 1,365,901 
36179NM47	146,116,327	 2,940,226 
36179TB53	204,995,568	 18,662,903 
3140Y6CB4	5,144,660	 4,426,924 
3128MMUQ4	1,516,907,186	 128,118,633 
36225CMA1	137,250,030	 173,875 
36179RJT7	316,398,940	 13,277,625 
36179SGX9	109,987,372	 5,216,040 
3136BDZA9	855,978,728	 855,978,728 
36179N4Q8	173,071,968	 3,600,307 
3140NVBY2	34,152,000	 34,152,000 
3138M5KN8	23,346,752	 4,387,561 
31418DJK9	907,680,257	 120,360,671 
36178EL80	4,924,596	 1,017,889 
36295WBR7	1,182,631	 52,497 
3140XPKW8	36,228,590	 27,547,855 
31307NAN4	31,181,714	 1,961,826 
3128P8B91	445,606,927	 59,339,358 
31307NAZ7	61,631,033	 6,747,937 
3140LJE69	383,476,000	 383,476,000 
3132JAQ65	62,350,699	 4,878,876 
3140B8GX3	4,888,238	 3,048,881 
31294NYT0	39,154,581	 796,648 
3140NVD79	27,251,000	 27,251,000 
31371KHY0	1,240,694,554	 1,860,595 
36179UGQ9	137,295,826	 5,538,118 
3140J9JQ5	11,329,621	 346,692 
3140HVD76	12,768,000	 12,768,000 
36179RKS7	218,468,080	 11,913,156 
31307LXC7	7,000,354	 435,273 
36225CTD8	185,972,020	 250,171 
31298BP70	1,997,710	 4,789 
3140LE5J2	48,794,000	 48,794,000 
36179NDQ8	16,357,517,246	 1,796,859,856 
36179RXT1	13,410,439	 278,454 
36179T5B7	10,364,628	 767,897 
31421ATG8	3,653,433	 179,596 
3137HKDD3	699,789,000	 699,789,000 
31418CK45	81,672,524	 1,058,586 
31419CYA5	21,799,437	 113,084 
31412HSH3	18,713,384	 294,315 
36297GHU7	4,181,201	 23,888 
31402BBE3	1,893,078	 85,936 
31412HSC4	5,870,985	 282,742 
3133KYXY0	128,969,774	 84,634,446 
31410A7G5	3,258,065	 25,043 
36225CMN3	665,529,848	 463,668 
3128M9SX1	100,000,000	 13,673,305 
31418VUR1	99,940,446	 3,122,497 
3128MMVX8	557,291,381	 84,826,252 
3140Y6AT7	9,830,352	 9,063,586 
36296A5W0	1,101,913	 29,122 
3140LHWV8	16,434,000	 16,434,000 
3128MFVL9	29,998,249	 5,133,353 
31307BMB3	224,892,866	 6,753,191 
36209NE57	26,730,090	 9,196 
31307VB96	29,664,891	 4,823,250 
36179SXY8	225,865,599	 18,016,167 
3128P8B67	585,248,130	 73,112,357 
36179MAG5	1,294,258,990	 5,695,529 
31417S5N6	2,895,290	 675,956 
31385Y2E4	252,232,141	 539,968 
31418EKP4	183,579,966	 117,242,290 
3138YWH34	6,226,894	 1,702,778 
36179NCY2	454,820,217	 7,232,756 
36178EUA5	2,576,633	 528,640 
3140QVRJ5	78,515,470	 68,707,667 
36202EHF9	1,142,109,527	 12,408,243 
3132XHLC6	16,150,000	 14,761,573 
36179NQD3	39,918,390	 553,651 
3140E8KZ0	20,140,529	 1,451,706 
31418AGL6	191,297,279	 1,315,880 
36178ERS0	9,681,630	 1,188,787 
36202K5E1	367,546,613	 2,139 
31412HRZ4	8,088,793	 16,796 
36225CMP8	393,913,937	 230,684 
36178ERZ4	6,757,622	 368,329 
3620C1AS5	2,141,774	 361,533 
36225D2D5	27,704,587	 407,995 
3136BSC29	50,000,000	 30,715,975 
3138XMKT6	1,089,637	 1,789 
31307CZG6	26,618,334	 755,753 
3140N3AM1	36,370,626	 25,507,361 
3132GKVQ6	202,729,229	 5,147,863 
3137HA4B9	581,189,000	 581,189,000 
3138YWKG1	304,412,364	 22,097,446 
3132DNY23	98,257,427	 70,482,143 
31409TQ27	3,092,584	 65,773 
36225DFV1	140,634,611	 726,141 
36225CLS3	13,902,252	 33,446 
3138XTD36	5,520,927	 621,445 
3620C5LB1	7,500,607	 3,088,271 
36202EE70	87,438,032	 1,952,744 
3136BSM77	51,285,223	 32,128,618 
3620A6FG7	1,295,959	 154,120 
36202CRY1	366,124,606	 1,838 
31384YDN3	5,194,895	 3,073 
3140NV6R3	55,800,000	 55,800,000 
36291YNZ6	6,456,855	 133,992 
38384XLV3	77,370,666	 62,628,462 
36179T3H6	325,917,552	 26,793,842 
36225DLT9	158,774,968	 1,185,539 
3132XKRY5	17,475,000	 17,475,000 
3128MMRD7	797,268,672	 27,067,965 
3140X8KD8	102,273,673	 62,481,508 
36179T3C7	2,585,055	 327,352 
3136BSC60	37,779,000	 23,208,376 
3128MMXK4	1,078,393,350	 113,439,130 
3136BSK46	99,080,847	 64,990,422 
3138WJRM2	528,119,007	 87,501,509 
3128HDN21	28,221,077	 930 
3132XGYZ3	33,020,000	 33,020,000 
31418DXL1	1,896,195,174	 1,047,201,564 
3128MMUB7	1,276,658,282	 113,638,188 
3140NU6C8	12,056,000	 12,045,202 
3622ACAG5	38,226,837	 27,240,175 
36296DAR9	26,807,541	 747,867 
36179SYR2	3,642,550,798	 548,127,729 
31389FTM4	9,999,277	 24,856 
36179NQ50	12,068,147,015	 642,935,963 
36178EN39	6,648,154	 1,206,312 
3138X6M85	499,314,404	 12,106,607 
3132DWAM5	14,793,998,877	 10,105,554,137 
36179SM38	663,804,858	 57,840,437 
31418D5G3	1,908,216,883	 1,238,376,026 
3132DUUL9	76,918,257	 63,902,792 
3140LHT34	11,228,000	 3,993,000 
3140NUPW3	36,327,000	 36,327,000 
36225CVD5	499,173,860	 922,299 
31403YC76	992,043	 52,094 
36179RA25	36,939,320	 1,433,327 
3140NWEA9	10,660,000	 10,660,000 
36179NLS5	85,021,654	 2,379,699 
3620ASGJ2	6,459,723	 449,679 
36202DYK1	1,609,418,838	 16,276,777 
36179Q3H2	4,831,820,174	 425,680,410 
3140XPW70	20,585,846	 15,447,494 
36179R6H7	405,069,975	 24,777,349 
3140QQ7L3	2,445,620	 1,643,987 
31386EG51	37,885,936	 86,467 
36176MUP6	3,336,817	 89,317 
31388KK92	32,250,693	 32,959 
36179NGH5	119,957,284	 2,552,090 
31307DBS4	37,502,403	 1,153,465 
3620ASGV5	48,842,256	 2,616,445 
36179NLF3	1,208,321,612	 54,003,445 
36179QJ85	682,304,277	 12,247,246 
31417F2E7	250,553,840	 7,467,687 
3132DPMF2	10,760,884	 6,937,837 
36179SBF3	350,482,793	 25,788,065 
3138EMTZ4	85,000,000	 3,330,187 
3133KYVF3	2,856,701,156	 1,809,725,210 
3140Y6GN4	9,928,891	 9,255,454 
36225CSQ0	145,849,536	 147,692 
36179QFH9	13,544,365	 240,484 
31390VEC4	1,714,956	 52,677 
36179QY62	327,955,932	 7,525,175 
36296PQN4	1,412,420	 81,725 
36179TF75	333,967,953	 29,554,431 
3140LEEE3	156,993,000	 156,993,000 
3140J2DW3	9,600,000	 9,264,930 
3140J8HE6	33,248,090	 2,685,571 
36179RXP9	152,274,863	 6,112,988 
36225CPK6	156,603,757	 325,759 
36179NKL1	17,738,431	 202,170 
3132KEJW6	15,461,934	 429,972 
36178EN21	12,451,346	 1,018,906 
3128MJZB9	15,066,288,312	 2,803,190,363 
38384VNR4	111,889,352	 67,725,180 
36225CBW5	389,146,079	 58,578 
3133KMP74	150,913,408	 106,780,769 
36179NQC5	315,987,093	 5,813,666 
38384NTV7	53,998,035	 43,653,737 
3140Y6E97	2,583,785	 2,327,762 
36179NFD5	645,041,763	 13,645,813 
3128MD3H4	425,961,697	 12,496,873 
38384YSB8	75,000,000	 53,388,004 
36179N3A4	32,965,723	 1,261,327 
36178ELZ0	6,842,921	 1,007,135 
36202DXB2	1,111,267,643	 8,805,207 
3140LGM58	24,209,000	 23,466,923 
36225DRX4	136,454,146	 1,487,669 
3140NXJ20	11,548,000	 11,487,666 
3132D53K6	1,221,498,466	 119,750,066 
36179NP93	10,471,107	 543,486 
36202EBV0	1,305,538,599	 17,133,171 
3140JCF41	85,829,000	 85,829,000 
36178EUQ0	6,096,166	 662,632 
36179M4K3	278,822,847	 3,871,996 
3128MFBQ0	25,000,000	 3,748,839 
3133KHFD3	1,671,940	 459,057 
3622ACCM0	70,394,169	 51,222,191 
36178EUL1	3,015,390	 104,947 
36178EUH0	3,776,894	 210,410 
3140JCMC5	34,601,507	 26,317,343 
36225EBB7	31,796,121	 279,428 
3620AMVG4	97,027,973	 11,034,620 
3140JCJX3	52,611,554	 25,604,749 
36179QXT3	80,756,240	 3,179,095 
3140Y6LX6	5,052,932	 4,951,251 
3136BQL64	187,996,300	 187,996,300 
36178EPZ6	18,948,668	 1,165,389 
3140NWGG4	7,418,000	 7,418,000 
36178EUG2	2,010,579	 327,923 
36178EPU7	26,543,810	 3,048,275 
3128MJAK6	310,236,154	 2,226,227 
31288QWN6	28,850,491	 19,952,477 
3136BTJZ7	91,264,258	 81,547,834 
36179NFF0	16,373,533	 335,606 
3140E2VZ1	114,316,348	 7,381,525 
31426L2A1	1,529,245	 1,249,012 
3128MJAQ3	769,301,851	 6,969,075 
36296JSX4	14,917,933	 564,665 
36230UFZ7	202,177,674	 10,218,167 
3132KEUD5	82,819,884	 3,015,257 
31418DTQ5	30,170,548,781	 18,121,208,791 
3140LLZX2	60,000,000	 60,000,000 
38385ABA9	48,917,000	 35,563,833 
36179SZU4	144,402,271	 16,216,784 
31410LNR9	200,000,000	 6,871,842 
3132DWBP7	46,556,361,509	 31,935,070,340 
3140NVY76	53,458,000	 53,458,000 
36176MAH6	4,938,491	 160,378 
36179RWK1	67,119,513	 4,438,854 
31417YT64	78,478,366	 5,662,899 
3618KCAU1	1,831,937	 941,169 
3140NXLB7	17,238,000	 17,238,000 
36179TX91	88,018,355	 2,980,563 
36179NYL6	373,297,664	 5,351,200 
36225DSW5	74,293,860	 701,632 
36179ND70	151,096,877	 2,757,882 
3140JCK94	67,079,694	 63,792,533 
3128MD3G6	311,604,965	 10,451,174 
31398FXJ5	13,169,178	 408,222 
3138XV5X4	33,219,841	 1,457,995 
3620ASJ75	2,919,593	 184,805 
36296PSK8	2,047,589	 185,025 
36179S4J3	365,330,001	 32,627,772 
36179QGT2	199,521,799	 2,131,699 
3138WGVP6	100,211,082	 6,373,986 
36176W5P2	6,864,133	 573,233 
31297AV27	1,628,383	 77,812 
36179NSP4	47,307,187	 1,049,060 
31387N3S4	80,002,379	 17,268 
3140QCPC4	1,900,312	 822,228 
36179NHJ0	494,490,128	 12,150,567 
3132DUUT2	114,133,449	 94,528,221 
3138ABBW8	178,190,250	 8,844,222 
31419GQT4	1,640,392	 128,070 
3138WF6L5	35,268,576	 3,314,409 
3138W9AF7	189,492,310	 7,177,245 
36179S6A0	84,423,837	 3,781,873 
31416Y3M8	27,117,885	 2,223,556 
3622ACDB3	54,916,646	 39,885,040 
36178EQC6	11,681,501	 2,169,972 
31408B2Q0	15,013,237	 68,974 
38384MQ42	75,000,000	 44,145,811 
3140N7ZE3	1,853,964	 1,661,530 
31418C2U7	112,067,569	 3,293,385 
36202K5G6	909,872,725	 14,567 
3140KVXP0	213,982,835	 142,226,338 
36179ST31	268,593,504	 22,302,460 
3138XTSB2	2,085,949	 78,026 
3133BRJG0	9,938,867	 8,131,005 
3140NULF4	7,145,000	 7,145,000 
3620ASR76	10,703,992	 550,969 
31412YTR3	66,287,265	 23,024 
3128NKJJ6	18,169,303	 246,112 
36182BES4	1,143,591	 142,383 
36202EY86	53,664,295	 312,838 
3620C2KQ6	20,333,496	 513,681 
3138EMUC3	100,000,000	 4,099,392 
36225CSJ6	71,823,955	 63,276 
3618KCAW7	6,409,756	 2,949,348 
31419KKG9	379,130,539	 13,037,264 
3128MJWJ5	4,644,472,995	 693,284,246 
3138XB5J9	85,530,005	 2,139,983 
3620C1AT3	1,859,298	 235,504 
3140NVZV2	64,325,000	 64,325,000 
36202D6D8	1,114,832,407	 14,156,476 
36179NTS7	61,224,555	 1,342,385 
36179N6J2	101,298,576	 2,579,770 
36179NCS5	7,500,767	 186,221 
3136BVVM7	119,833,351	 98,799,705 
36225CXC5	156,776,015	 274,703 
31418DX98	6,547,621,205	 3,237,955,501 
36179NNM6	121,379,902	 2,673,431 
38385D3C8	110,000,000	 92,021,117 
3620E1GK4	5,158,011	 170,711 
36179RUD9	1,589,871	 38,047 
3617FYX51	7,853,412	 4,872,977 
36181TQW4	2,357,861	 71,248 
36179S5K9	1,896,355,520	 280,071,438 
36179QHQ7	3,929,702	 67,841 
3138YKKD4	31,663,817	 2,050,500 
36179UJ60	2,893,072	 263,021 
3132DUQS9	49,587,305	 42,498,469 
3128MMUL5	712,220,503	 60,546,805 
3618A0KM5	7,904,752	 6,386,197 
3128MMT94	1,435,940,044	 102,862,560 
3140EVGS0	24,207,535	 1,800,524 
3140XJX40	38,857,747	 27,572,142 
36225CAL0	315,407,476	 12,266 
36179SN86	77,673,052	 4,045,255 
36225CGH3	216,454,804	 53,337 
3137HCS94	79,926,534	 39,565,223 
36179RS83	3,953,549,395	 475,992,600 
3137HHMA6	56,968,000	 41,271,346 
36179RRE1	518,063,222	 16,685,112 
38385AAW2	68,760,000	 51,527,453 
3138WFWY8	189,588,828	 10,298,412 
3138WRWC0	77,450,559	 1,930,679 
31371JW91	495,032,921	 333,019 
36198T4F6	20,312,655	 462,943 
36179SWK9	577,234,244	 43,364,076 
3128MMUG6	983,455,513	 73,317,287 
36179NKR8	79,036,844	 1,422,783 
36225CS80	160,235,910	 350,633 
3133GGFV0	14,300,167	 7,675,923 
36179MEL0	858,306,630	 5,006,623 
3133BULH8	20,755,389	 15,316,194 
36179RAY5	359,314,088	 15,077,613 
3140L0WV5	48,446,315	 35,489,224 
36225CJJ6	81,572,297	 9,324 
3133N3XM1	1,490,848,651	 1,071,847,084 
3133L9BJ1	8,445,012	 3,935,983 
36225CS31	176,818,941	 263,048 
31419KDJ1	3,514,036	 131,024 
36179RLN7	5,815,883,199	 761,997,831 
31389FQS4	22,348,845	 13,064 
3622AB5M0	52,382,910	 35,019,704 
3140XBQR4	37,104,389	 26,193,773 
36225CDU7	821,377,472	 91,543 
3140J1SV1	40,095,000	 40,095,000 
36202DLV1	1,501,640,165	 1,023,112 
31288QXK1	50,000,000	 38,324,409 
3138A8LD6	124,902,639	 5,475,017 
3140XCNE4	193,747,148	 126,031,981 
36179MVS6	6,409,692,923	 591,748,427 
3133AEEG5	46,077,356	 31,933,645 
36225CC87	1,833,864,460	 226,849 
38384XJW4	75,000,000	 51,114,085 
3138XCCG5	346,974,725	 415,821 
36225CAY2	651,808,516	 25,753 
3128NJBS7	25,244,648	 536,057 
3620AGDL6	2,250,854	 92,266 
36178ETR0	3,365,405	 554,668 
36202D2B6	47,458,494	 638,347 
36202DWU1	545,893,227	 3,797,741 
3140NUTD1	22,150,000	 22,150,000 
36201PYR0	11,172,472	 51,498 
36179N2H0	222,236,307	 31,509,470 
3140HUZH2	10,300,000	 10,161,183 
36179UBE1	71,580,861	 7,518,297 
3128MMS20	1,490,158,405	 79,191,175 
36178ETM1	14,157,211	 2,296,246 
31376FLZ8	6,080,494	 412 
36209W4V1	10,997,325	 19,794 
3138WD7C9	53,424,633	 2,369,060 
3132XGSZ0	21,224,000	 21,118,507 
36182BEU9	1,016,711	 40,878 
3622ACXN5	96,837,341	 72,299,274 
36179NY51	84,184,455	 1,640,422 
3140NULP2	3,622,000	 3,622,000 
3132CWHE7	91,964,659	 21,958,944 
3140NUZY8	33,201,000	 33,201,000 
3140JCNR1	68,204,442	 68,125,908 
3136BHMX4	316,963,510	 316,963,510 
3618BAXL0	2,157,945	 2,069,469 
31410WAX6	2,021,505	 3,926 
36179Q5E7	363,937,386	 13,127,545 
36179UJ45	146,842,845	 10,524,747 
3622AB6W7	69,068,339	 50,295,750 
36225CWD4	193,970,911	 762,969 
36179RCC1	304,031,666	 15,484,847 
31418R5H0	15,127,546	 174,579 
3142GR6Q8	86,355,272	 66,676,747 
36179NMM7	134,471,769	 2,963,423 
31307NY65	79,961,517	 5,832,782 
31418ELQ1	221,477,512	 115,582,655 
31417G2M7	251,897,034	 8,479,000 
36179TSS5	60,430,655	 5,493,363 
36179RFD6	397,626,813	 18,084,851 
36179NQ35	833,819,974	 114,744,285 
3128MJRJ1	3,522,205,120	 271,380,199 
3128MMTW3	1,264,411,101	 99,852,264 
36225CLA2	48,630,404	 33,881 
31418DSZ6	581,747,255	 193,684,441 
36297GQ29	27,265,947	 8,041,529 
36178ELY3	5,322,562	 869,184 
36179NY69	108,581,231	 1,543,089 
3620ASN96	3,144,283	 166,789 
3138ELUN1	36,709,862	 48,387 
31418DLL4	3,089,209,929	 523,722,780 
36179RM22	150,542,980	 9,576,909 
31413QXX1	2,628,069	 128,021 
36179NF60	18,284,843,274	 2,037,538,049 
31307LCE6	5,721,584	 306,982 
3138X6M36	499,251,240	 15,707,482 
3138ELUU5	63,904,578	 1,604,566 
36178EQA0	8,069,892	 415,525 
3138YUNP2	44,517,560	 2,748,601 
36179QAK7	217,484,934	 5,231,961 
36296BAD4	1,754,161	 43,622 
3140NWA70	21,547,000	 21,547,000 
31418CKY9	145,263,206	 1,600,366 
31297NFU5	1,704,722	 52,967 
36179RRC5	243,991,700	 12,630,577 
3140JCLR3	60,473,950	 60,387,866 
36179NQT8	26,885,299	 3,003,784 
36178EMH9	1,446,838	 306,117 
36225CUU8	703,809,743	 1,182,604 
31417AJE0	122,838,147	 236,843 
3133L73Z8	263,633,824	 119,090,472 
3138Y3YF2	309,361,916	 14,120,388 
3140Y6L57	5,347,547	 5,050,119 
36179TPV1	167,951,819	 15,671,230 
3620C3Y71	74,897,975	 2,434,393 
3128M83G7	380,505,971	 22,211,473 
3140KVCD0	14,594,126	 7,997,074 
3138YUH79	463,664,921	 30,410,275 
36179QS77	5,252,289	 122,331 
3132DV7B5	23,169,851,547	 13,036,218,082 
3140XFDH1	18,031,048	 8,344,758 
36225DTV6	48,349,861	 319,331 
31296JS64	2,136,164	 208,750 
36225CQQ2	167,763,171	 252,005 
3140LHQ94	31,196,000	 31,196,000 
3132E0N99	97,925,855	 73,778,673 
31418CBM5	1,162,524,760	 122,733,621 
3132XGQN9	18,969,000	 18,969,000 
36179R6J3	61,493,514	 4,905,036 
36179NGJ1	160,966,662	 3,019,582 
36179V4U1	40,822,151,219	 23,040,285,859 
31419HSY9	25,127,970	 407,252 
3137HBSS4	133,547,161	 95,640,074 
3140LQHL7	33,073,633	 22,619,118 
36179NTU2	277,794,825	 5,469,491 
36202XC96	18,410,221	 168,419 
31389DYC5	142,347,136	 28,078 
36230QBF4	213,304,543	 8,652,370 
36241LVD5	50,005,000	 5,744,242 
3140NU5Y1	9,750,000	 9,750,000 
3138XQBB6	1,366,060	 43,680 
31418D7E6	19,680,028,750	 14,942,518,799 
36225CT30	273,862,111	 791,549 
36179QED9	329,939,387	 6,897,568 
36179QMH1	213,651,408	 4,875,997 
36225CEN2	69,768,026	 14,248 
31418CGJ7	520,132,849	 93,389,666 
3138EKX42	43,769,554	 937,087 
3132XKR66	27,915,000	 27,915,000 
36178EUY3	3,105,491	 504,588 
3133KY2Z1	80,609,711	 42,449,969 
36179TDD4	125,441,326	 5,818,866 
36179SP50	213,774,149	 18,853,745 
36225CEP7	455,400,586	 90,848 
38385EKN3	100,000,000	 73,933,296 
36179SAK3	97,420,209	 4,708,440 
31390KSP4	18,720,591	 3,471 
36178EL49	5,716,680	 839,161 
31418DVH2	3,920,890,652	 2,605,277,238 
3132XGRS7	41,469,000	 40,782,097 
36225CEF9	601,134,218	 144,945 
3133AD6L5	42,156,491	 27,613,340 
36178EUJ6	1,814,346	 330,394 
3132XFJ25	15,714,000	 15,714,000 
31418CEB6	424,048,454	 2,552,331 
36225DYY4	16,708,588	 183,028 
31307CYB8	31,854,517	 1,179,354 
36225CX35	285,573,822	 664,273 
36225E5Z1	578,654,157	 15,353,523 
36179TL45	102,849,309	 5,999,408 
36225FBF5	456,885,395	 11,774,805 
38384ALF8	107,197,709	 73,904,038 
36179RFC8	281,329,564	 14,506,615 
36176D6N8	75,296,091	 3,391,842 
31307M7M2	45,177,670	 2,892,153 
36297GQC7	57,445,996	 15,550,566 
31418BL79	167,409,370	 9,193,431 
36202DYY1	453,943,697	 6,835,457 
3140KNR34	20,058,764	 12,847,317 
3140NUPX1	33,715,000	 33,715,000 
31388FFX6	195,919,862	 60,765 
31418EM72	105,756,539	 59,491,156 
36178END7	14,114,623	 2,026,484 
3132DTFP0	28,161,532	 23,194,433 
36179Q3X7	87,103,252	 3,016,542 
36179RSF7	87,402,292	 5,150,598 
36179MQP8	11,811,358,705	 1,005,369,742 
36179QS51	464,526,911	 14,378,590 
31384VQL9	1,268,600,022	 534,322 
36202ELU1	145,583,329	 923,121 
36176EYA3	27,375,438	 1,401,060 
3140XKFE5	129,575,423	 92,913,440 
3138X1BG0	20,390,063	 685,874 
3138WH2R2	204,859,013	 26,801,512 
3128MMRX3	54,309,705	 2,016,153 
3128JR3S3	23,348,935	 84,497 
36179QWT4	166,234,096	 3,441,526 
31418DMD1	2,536,173,701	 422,608,457 
36179THH1	45,415,726	 1,465,739 
3140XJVZ3	67,737,739	 49,136,818 
36179RVP1	103,861,080	 2,610,550 
36225CK39	28,362,678	 56,229 
3140JCFY5	47,628,000	 47,556,159 
3132DURX7	35,397,364	 25,810,406 
36179NSN9	325,804,126	 5,708,388 
36225CX92	325,735,470	 859,219 
36178EP86	19,083,623	 2,398,598 
36179NDP0	214,178,777	 35,390,441 
3137HCXK3	912,049,000	 912,049,000 
31382QYB5	17,930,565	 17,316 
36202FYY6	391,866,083	 551,704 
3138ABMW6	109,413,763	 6,163,166 
3132GSJ34	42,923,581	 4,463,965 
36225CQ25	48,576,092	 47,673 
3622ACW63	68,095,123	 56,819,664 
36225CDT0	730,010,822	 110,327 
3128QJXK7	62,937,127	 348,035 
36179Q2A8	429,119,249	 15,491,192 
36179RVA4	4,681,882,752	 542,978,215 
36209HLH6	13,432,349	 15,514 
3138XUW57	1,049,143	 187,704 
36179QK83	372,697,790	 9,741,131 
3140NWLK9	16,623,000	 16,623,000 
36179RY29	73,205,885	 4,328,501 
3132DTKA7	46,713,433	 35,810,554 
3132XGX92	49,166,000	 49,166,000 
3132DN5B5	80,674,374	 58,239,615 
36179N4R6	245,675,824	 4,945,201 
3133KRJL9	51,850,685	 43,854,064 
36182BET2	1,734,077	 142,848 
36202D2C4	862,921	 16,107 
31297LHN3	2,059,908	 21,925 
31307PLP2	74,502,780	 5,592,167 
36178ERB7	14,767,725	 1,570,990 
31389FJ60	85,192,586	 60,664 
38384NZT5	137,535,757	 103,355,372 
31403YC27	937,508	 37,108 
3132GLAC8	181,907,535	 7,267,222 
3138AWFP3	159,456,099	 4,772,320 
3132KEUU7	75,000,073	 3,217,033 
3140Q7KG1	40,307,385	 5,160,913 
31397N6V2	100,000,000	 50,274 
3622AC6B1	98,550,235	 85,107,080 
3142GUCQ4	5,024,734	 2,971,657 
3140L1ET8	20,629,392	 12,735,168 
36179NLD8	11,069,091,781	 994,564,317 
3132DTR51	35,259,937	 27,970,288 
36179REL9	229,055,061	 7,440,707 
36179NYJ1	186,339,435	 3,122,654 
36178ESS9	4,323,617	 693,040 
36225CW28	145,916,262	 468,492 
31288Q6G0	62,933,638	 38,692,025 
3140Y6CC2	2,304,891	 1,967,181 
38385ECL6	43,656,000	 34,257,223 
3140NV2Q9	39,912,000	 39,239,465 
36179SGY7	43,489,085	 1,691,440 
3137HHUX7	571,762,263	 571,762,263 
3128QJT63	23,052,995	 130,756 
36179RSE0	485,351,876	 26,357,325 
31412V4Z8	1,987,400	 51,590 
3140LEVU8	40,162,020	 36,733,437 
3132KEKD6	12,360,645	 472,785 
3132DWCH4	33,494,278,734	 24,807,891,244 
3140LVRJ0	48,374,268	 35,137,247 
31408ELZ3	50,041,599	 151,378 
36291AFC8	3,517,376	 83,254 
3132GSZR3	45,248,889	 4,519,462 
36225E5L2	649,896,054	 14,312,212 
3617F0UH2	1,004,844	 596,120 
3140HYXE3	37,529,000	 36,130,281 
36225CM29	369,875,636	 131,820 
31307FDM0	15,679,472	 686,189 
3137FFFL6	75,000,000	 49,888,619 
36179NQ68	4,045,810,840	 193,448,908 
3128MMTS2	1,920,003,652	 143,883,730 
3137HD2K5	70,000,000	 44,413,239 
36176DHF3	62,125,467	 3,342,384 
3140EYCN9	34,679,319	 3,204,696 
31307MXT8	21,861,996	 1,469,222 
36225CTV8	234,885,820	 259,875 
3140J9HD6	32,626,176	 467,136 
3133KK5P0	200,000,600	 124,092,522 
36179SXX0	307,073,698	 28,114,780 
3620ARUP4	303,334,985	 22,578,427 
36179NXB9	229,066,636	 4,990,778 
3140NV3N5	25,699,000	 25,699,000 
36179NJB5	1,283,756,195	 107,090,467 
3140XJVA8	39,997,985	 26,555,906 
3132XKTB3	47,530,000	 47,530,000 
38384MJD0	50,000,000	 30,942,694 
3140NU6Q7	10,212,000	 10,212,000 
31403YC92	25,149,286	 250,882 
36179RYY9	183,964,833	 14,672,998 
31371H4K1	176,658,574	 60,161 
38384MJK4	112,749,000	 69,775,156 
3133D4PQ0	18,289,955	 11,268,282 
31403YC43	14,992,196	 167,048 
3132D56D9	4,082,110,142	 1,632,029,431 
31418DLP5	905,371,117	 185,239,510 
3138WAQH3	47,003,764	 2,010,666 
36182BEV7	2,922,818	 330,086 
38384YGR6	339,946,000	 265,025,336 
3138WPJX3	50,187,171	 960,447 
3138W96B1	61,004,731	 2,098,489 
31416MX41	210,000,263	 1,189,244 
3140JB4U7	138,812,000	 138,812,000 
3138AMFT7	26,813,741	 1,085,793 
3138WFST4	101,211,116	 5,584,305 
3140X9DQ5	278,942,185	 184,443,898 
3133KHE93	2,465,413	 1,148,979 
36241LVJ2	30,005,000	 2,383,821 
3140Y6L65	5,769,367	 5,231,446 
31296WPC5	176,199,732	 760,453 
3133L73V7	470,328,838	 203,824,358 
36202EAY5	238,450,574	 2,229,267 
36178ETP4	4,467,401	 160,067 
31307CQK7	30,437,139	 1,251,808 
3140F0JU9	74,133,371	 10,839,228 
3140MHS26	39,350,065	 26,037,518 
3138E0SX8	50,455,651	 553,783 
31292GX68	2,339,602,040	 1,126,963 
31297QX61	4,323,985	 57,000 
3138Y6PJ7	197,019,290	 10,324,154 
3138A4XY6	4,168,326,132	 192,849,359 
36225CAM8	898,476,765	 38,158 
36179SSP3	26,857,161,897	 3,823,303,385 
36225DJZ8	275,754,100	 4,031,682 
3620ARVU2	12,411,119	 1,114,806 
3138XTFX8	1,777,184	 345,323 
3140NUJY6	19,514,000	 19,414,649 
36179RM30	497,041,893	 22,291,916 
3133AALF7	184,566,421	 113,080,129 
38384XPN7	55,032,000	 42,500,082 
36213WJP2	4,066,977	 53,029 
31418BX27	398,897,839	 45,200,490 
3132E0BY7	296,779,573	 213,476,773 
3140QRXF5	101,378,087	 71,014,517 
3140XCFM5	27,262,741	 19,920,798 
3138E6TZ9	5,110,099	 873,112 
31418DXC1	75,706,493	 39,296,357 
36179TD51	298,716,224	 27,112,605 
36225CGF7	509,103,983	 108,368 
3133KRB52	132,524,096	 99,083,985 
31385SMK1	33,117,051	 35,563 
3140NU7G8	13,857,000	 13,857,000 
36225CV78	249,889,127	 840,265 
3140J1VN5	13,714,000	 13,508,671 
3132DPCB2	60,646,643	 44,848,089 
38383WBV7	70,340,764	 46,552,130 
36178ELR8	6,117,114	 1,049,016 
31288QXL9	40,096,371	 27,962,414 
31406MKA3	4,002,072	 104,253 
3140NUA90	27,729,000	 27,729,000 
36207RZL2	8,012,595	 705 
31307LUJ5	25,823,392	 789,234 
36225DEQ3	222,518,737	 1,355,224 
31417GWH5	95,626,598	 2,952,866 
3138M5KJ7	5,473,812	 1,191,110 
3620AGNB7	18,729,578	 408,750 
3133KYVS5	1,987,682,754	 1,296,302,410 
31403YDQ3	757,179	 89,076 
38384VTH0	49,774,158	 41,291,227 
3140B8GW5	2,672,589	 2,328,551 
36179ULB6	165,040,068	 8,291,935 
36202DYZ8	2,583,661,923	 26,937,130 
31418D4G4	2,321,983,385	 1,502,825,031 
31417A6V6	249,799,948	 857,196 
3133KTZF0	53,222,370	 36,023,148 
31418DE32	501,021,818	 23,265,479 
36179RHK8	304,195,445	 15,336,266 
3133KYVN6	2,243,128,891	 1,470,839,421 
36179RUH0	83,354,160	 4,548,883 
36225CHQ2	53,689,779	 11,737 
36179QBW0	531,206,093	 8,967,508 
3622ACDE7	53,590,233	 35,589,063 
3138ELFP3	147,303,411	 1,998,870 
3128MDYH0	58,500,000	 2,005,566 
3132XG5P7	36,451,000	 36,451,000 
36179TMT9	119,128,255	 13,911,234 
3128MDYC1	50,000,000	 2,021,484 
3140XQMU8	75,184,046	 52,102,360 
36178ELV9	6,046,529	 1,095,740 
3138YBXX6	28,268,213	 1,984,413 
3138YUHC8	1,196,977	 301,042 
36178ESY6	2,195,757	 244,672 
36225CFW1	305,693,845	 73,535 
36179THG3	147,954,911	 3,654,744 
31418EBJ8	2,479,144,955	 1,702,692,969 
3140J1KN7	9,075,000	 8,155,816 
3132CW2P8	33,111,438	 18,480,038 
36179NJD1	133,440,994	 7,006,838 
36225CFR2	358,720,979	 93,081 
36179R3C1	212,565,777	 15,344,922 
36202EH36	237,576,108	 2,807,282 
3138WP7F5	30,410,456	 6,880,354 
3132DTRN2	81,459,873	 66,467,022 
3138WBFR1	21,670,567	 1,100,460 
3133KKD63	194,469,241	 110,206,911 
3138MRML2	855,346,366	 17,802,427 
36179NLP1	179,751,785	 5,422,027 
36179QQV6	3,208,345	 28,148 
3140NWSS5	43,563,000	 43,563,000 
31400APE2	1,241,230	 31,522 
36225CNZ5	296,641,332	 374,791 
3138AVRK3	70,539,906	 64,295 
3138WJU63	171,309,068	 27,403,284 
3138WE3R8	104,833,954	 5,972,753 
36179RKT5	518,913,596	 25,503,482 
31307QB48	2,537,252	 396,769 
36179TQZ1	78,276,161	 4,721,025 
31409GRW8	16,153,769	 145,938 
3132XFJY5	21,258,000	 21,258,000 
3140XKFF2	128,147,216	 93,052,734 
3129407K9	2,526,389	 379,206 
31307CLF3	41,055,942	 1,273,526 
31417GR24	75,429,180	 2,392,550 
3140XJVD2	38,815,415	 26,214,826 
3140JCM68	28,165,000	 28,159,188 
36241LTY2	180,005,000	 11,920,876 
36179TW43	26,759,300	 1,660,210 
36179NJL3	179,968,197	 5,539,029 
3622ACAN0	40,418,872	 27,289,664 
36179SFT9	312,845,314	 22,953,655 
3132GKF43	500,166,018	 20,353,046 
3138A2BQ1	2,486,436,837	 95,937,201 
3136BTMG5	50,000,000	 41,519,803 
38376CJT7	278,620,238	 680,242 
3140LD6V6	60,240,000	 60,240,000 
3138WFXY7	30,163,080	 2,156,167 
31410LWE8	35,824,789	 479,598 
3140NV3U9	18,445,000	 18,445,000 
31326FQ35	30,315,728	 1,182,215 
3622ACTW0	11,383,873	 8,863,310 
3132DPHH4	169,893,860	 120,580,665 
3132DTJA9	24,086,178	 20,602,067 
36179RL56	280,850,668	 7,464,710 
3136BF4D2	637,288,684	 637,288,684 
31418CDR2	1,396,726,105	 134,963,507 
36179Q3Y5	135,685,140	 3,865,884 
36179TN43	34,536,879	 1,879,316 
3142GUCS0	4,963,813	 4,881,404 
3140LJB88	21,783,000	 21,783,000 
31389FJX1	95,598,672	 50,411 
3140XB5W6	9,785,576	 6,997,968 
3140NWAP0	134,745,000	 134,745,000 
36225C3H7	330,085,238	 1,186,637 
31348SPF5	15,520,583	 6,120 
36179TWJ0	58,171,693	 2,818,308 
36179QEF4	409,485,057	 3,938,145 
36179SK22	255,212,282	 18,721,988 
36225CF50	303,260,058	 82,453 
31417TRK6	1,973,357	 617,101 
3140Y6FB1	3,910,109	 3,221,494 
3132XGRP3	43,614,000	 43,614,000 
31307H6G7	9,579,891	 581,794 
3140JCQ23	80,177,200	 80,098,957 
36225CXJ0	504,176,766	 1,586,145 
3128MMXZ1	325,172,880	 26,207,777 
31400STF6	1,472,736	 38,618 
3138YHWT3	11,977,014	 1,560,622 
36181CBT4	6,390,459	 16,134 
36179TW35	359,892,916	 26,893,157 
3620A2RS7	3,094,302	 548,184 
36294YNS9	12,926,595	 44,022 
3132DPHJ0	17,052,198	 12,380,400 
38385CJQ2	152,692,000	 110,335,740 
31410BBG8	3,826,366	 70,090 
3128MJT67	1,493,720,025	 114,627,955 
3140L1VC6	38,333,825	 23,342,359 
36179SXW2	116,497,787	 11,687,050 
3622AB7G1	51,443,445	 34,950,070 
3136BFRV7	650,362,729	 650,362,729 
3136BUY46	100,000,000	 77,190,912 
36179QSC6	258,714,891	 4,512,003 
36179QQ20	163,842,767	 5,158,617 
36179RCD9	330,871,958	 9,075,672 
31413X7L1	1,898,284	 81,322 
3620AV5H1	19,407,021	 535,222 
36179Q5F4	51,200,200	 1,805,450 
36202EUL1	597,185,159	 1,645,771 
38384NQP3	89,022,000	 62,780,182 
36179UJ52	205,911,700	 16,149,282 
3128MMW74	988,301,225	 128,005,071 
36179TH32	157,465,377	 15,659,719 
38385CWQ7	76,572,000	 54,877,364 
3128MFPL6	27,906,777	 1,289,741 
3138MBJW7	14,405,186	 1,903,384 
3620AWV80	1,521,320	 122,360 
3140NU5Z8	16,120,000	 16,105,118 
36225CPC4	236,216,342	 285,869 
38384UWL9	100,000,000	 74,201,740 
3140Y6GD6	5,320,495	 5,241,046 
3128MMSF1	386,258,376	 15,109,887 
31389PTV2	7,053,778	 23,807 
3140L3K59	20,279,622	 14,776,796 
36225DHN7	15,101,135	 158,587 
38384UZY8	70,893,333	 49,970,854 
3133KYUP2	2,981,861,619	 1,668,504,814 
3128MDQZ9	181,440,720	 1,440,088 
3622ACQD5	28,115,974	 25,242,470 
31418D3R1	1,766,401,394	 1,131,466,876 
38384MB22	100,688,000	 75,039,630 
3140NV4F1	44,340,000	 44,340,000 
36225CF43	483,635,930	 123,777 
36178EUS6	1,406,333	 88,538 
3132KES22	57,788,778	 2,931,594 
3140NUJK6	17,000,000	 17,000,000 
36178NCD9	30,721,408	 230,489 
3128MMVL4	743,577,831	 103,385,099 
36292H2W2	1,483,800	 495,552 
36202FEJ1	7,292,059,893	 228,315,635 
31418D4Z2	447,091,144	 276,466,159 
3128MJUA6	504,428,186	 40,249,914 
31419FPC4	19,020,625	 59,498 
36225CSH0	127,220,137	 307,464 
3140XRUE3	77,699,523	 64,115,928 
31411KKB8	18,281,422	 188,921 
36225CA71	704,088,821	 59,559 
3140Y6GM6	10,977,439	 10,563,211 
36296PQM6	1,022,856	 55,282 
36179RPE3	8,904,872	 386,941 
3136BDV54	48,649,533	 29,223,256 
36241LVH6	25,005,000	 1,588,189 
3140LNJT5	18,823,234	 10,705,471 
3140J7T54	74,450,483	 12,852,450 
3138A2WW5	280,711,444	 14,370,795 
3128MJWA4	6,310,226,142	 887,690,368 
36179NNB0	9,182,861,556	 497,857,930 
36230L6Y0	1,947,456	 439,756 
31348SK60	33,668,174	 2,179 
36225CA97	455,759,002	 41,944 
36179NCX4	703,624,188	 15,038,391 
3132XGJS6	289,289,000	 286,052,721 
3140NVZH3	41,332,000	 41,332,000 
36179RGN3	99,667,004	 3,745,995 
3132D54Q2	2,248,830,727	 394,100,524 
31418BYW0	128,733,425	 10,449,568 
31418DNA6	2,936,445,684	 482,230,686 
3128MMSD6	216,119,056	 8,809,704 
3140QMZP2	250,757,499	 186,420,753 
3140KXTF3	15,044,808	 9,358,564 
31307PDX4	67,170,313	 5,061,949 
36179DG61	29,490,048	 533,537 
31418BNL6	66,606,472	 4,289,972 
36179SS24	25,210,862	 1,129,686 
31307CYN2	158,367,404	 4,231,689 
3128LUL46	25,166,459	 198,261 
3140NV6S1	31,900,000	 31,900,000 
3622AC3T5	42,537,306	 33,480,683 
3138WGKX1	150,568,708	 11,739,606 
3136BPSC6	177,334,422	 160,838,657 
36179SWW3	7,215,478,475	 1,140,699,971 
3132DPGE2	63,399,076	 45,402,461 
36296PSL6	2,464,566	 158,314 
36201U6N9	2,946,897	 21,236 
3140MEX68	1,259,443	 999,678 
3140QGRE9	150,976,910	 95,003,620 
36179N6L7	174,544,008	 4,091,792 
36179RGP8	78,926,898	 2,278,504 
36179YGP3	11,279,813	 8,046,322 
3138AXSU6	119,731,184	 5,031,495 
36225CRD0	67,946,947	 118,607 
36225CGE0	205,573,801	 69,447 
3137HCVM1	81,015,000	 47,514,374 
31419GYP3	338,589,178	 10,981,426 
31418DXZ0	1,798,652,475	 1,304,337,988 
3140NVZX8	32,262,000	 32,262,000 
3140LBQ55	11,924,000	 11,868,058 
3140Q7PP6	75,775,991	 9,906,467 
36230UPU7	2,468,808	 369,342 
3140LBBF9	31,332,000	 31,285,165 
3132XKRZ2	35,270,000	 35,270,000 
3138AKRT8	10,966,949	 442,229 
3128MMUF8	1,513,814,896	 130,446,535 
3620E1GJ7	3,539,969	 235,073 
3138EKXN0	25,925,797	 85,997 
36179WP93	21,631,748,911	 14,658,427,361 
36179NHK7	391,018,688	 7,664,588 
31349UEL8	50,427,471	 216,987 
36179TMU6	286,605,429	 29,615,787 
36179NF78	6,343,654,916	 639,930,146 
36179WLN6	18,595,724,332	 12,005,473,082 
36225CR40	86,895,822	 95,604 
36179RPA1	134,974,815	 7,193,928 
36225CTQ9	66,846,153	 143,967 
3132DTWB2	149,428,929	 124,228,898 
3132DNYP2	118,842,248	 85,779,834 
36225CCJ3	714,131,251	 68,128 
31412RL88	396,089,686	 13,661,038 
3620AY5E2	6,008,981	 702,597 
31418DV25	2,320,297,730	 1,328,863,258 
36179NDS4	392,464,078	 30,033,651 
3138YR6Y9	265,271,308	 18,647,507 
36179Q2B6	86,709,666	 3,084,232 
36178EUN7	6,320,077	 545,686 
36179NSM1	201,236,817	 4,051,040 
36225CBD7	6,735,868	 1,627 
3140NUD48	293,050,000	 293,050,000 
3140LJHQ2	14,334,000	 14,334,000 
36225CB54	886,211,172	 112,070 
3138YHVL1	220,143,075	 15,606,279 
3140NX5V1	3,979,000	 3,937,361 
3140NVX69	41,813,000	 41,813,000 
3138YLZL8	58,036,451	 2,521,195 
31426KTB2	1,387,401	 958,290 
36179DMZ0	11,408,005	 197,664 
31416XY20	215,583,703	 6,606,770 
36179NUV8	205,981,336	 4,204,870 
31418SPY9	2,212,292	 137,212 
31417EVR9	250,747,186	 5,640,192 
31418EBE9	2,866,487,473	 1,685,549,298 
36179NY77	19,602,024	 184,474 
36225CFH4	112,202,162	 56,904 
31405FGE6	35,024,813	 63,271 
36179S3D7	91,533,436	 3,237,027 
3132XG5S1	84,500,000	 84,500,000 
3140J23T1	5,655,000	 5,596,841 
36179NNC8	2,972,012,890	 146,430,570 
36179TKV6	330,163,582	 32,422,965 
3140QQUN3	150,014,396	 105,795,832 
36179NJA7	8,877,223,671	 876,666,762 
3128MJWU0	2,919,854,220	 457,678,302 
3140J1PY8	17,626,000	 17,385,472 
36178EM22	21,846,009	 3,968,376 
36225CGS9	97,500,208	 26,662 
3620AM4V1	64,469,096	 2,871,909 
3140NWJ30	13,580,000	 13,580,000 
36179UFD9	327,038,668	 26,130,713 
36292HQA4	12,520,201	 157,284 
36179MSW1	16,837,921,167	 1,776,372,901 
36179TKX2	2,899,610	 347,152 
3622AB6R8	60,092,785	 46,649,266 
36225CRT5	42,258,044	 20,370 
3138A9CW2	179,156,144	 9,820,070 
36225CN28	616,810,100	 645,874 
3140NXCB7	13,935,000	 13,935,000 
31419C2C6	119,745,974	 3,816,950 
36202DZW4	151,459,949	 1,772,657 
31418CW34	62,172,528	 2,287,886 
31414JAU7	2,267,784	 99,317 
36225CTC0	448,523,221	 997,090 
3128JMXY8	15,092,002	 22,628 
36225DNR1	120,885,103	 1,182,177 
31292GYH3	2,122,082,251	 1,082,007 
36225CBP0	614,148,983	 50,287 
36178ELN7	13,837,847	 1,428,253 
31418DY71	4,891,158,967	 3,094,691,989 
3138EKXP5	21,977,383	 107,689 
36179UMY5	52,558,170	 1,724,336 
36179QNK3	356,259,457	 10,895,971 
3140L3A76	50,457,411	 33,976,164 
38384XTF0	75,000,000	 50,437,039 
36179N2X5	204,217,348	 4,589,554 
36179SKZ9	744,603,917	 60,809,255 
3132XGST4	23,099,000	 22,977,116 
31418DRW4	22,195,542,279	 11,929,984,119 
31417F2W7	1,100,845	 483,442 
3138YNL62	140,508,995	 12,250,826 
3136BHB73	613,925,853	 613,925,853 
31419BBF1	1,500,000,000	 91,112,655 
3128MFQ76	29,072,253	 1,160,441 
3132XGRE8	29,345,000	 29,345,000 
36179UEM0	111,224,096	 4,186,266 
3128MMUH4	54,952,804	 3,689,864 
36179TFD2	152,040,815	 9,449,835 
36178EUM9	5,229,424	 599,844 
36176D4B6	35,503,283	 1,340,675 
36225CDW3	168,168,499	 25,721 
3140NWA88	17,406,000	 17,035,247 
3137HDGR5	72,000,000	 43,260,400 
31412HSN0	8,486,124	 67,188 
36179ST23	544,649,111	 57,367,858 
36225CNK8	390,421,672	 345,129 
3140NVPP6	45,357,000	 45,357,000 
3140XJPA5	33,183,057	 23,358,027 
36179NH92	17,495,045,890	 2,045,814,157 
3140LAAL9	43,204,000	 43,204,000 
38384U4K2	70,106,673	 51,096,902 
3137HHW23	561,079,000	 561,079,000 
3132D6BY5	1,020,338,769	 592,208,285 
3620AFX69	2,574,179	 288,218 
3128MMR54	22,469,019	 718,919 
36211LFL1	1,707,543	 126,960 
36179QPY1	34,886,577	 1,136,099 
36179R3D9	462,045,729	 27,725,253 
36178ESP5	1,888,738	 345,497 
31414FY47	1,023,317	 86,105 
3140QCPB6	7,845,892	 3,796,517 
36225EFG2	36,806,454	 654,679 
36179NXA1	233,479,959	 5,830,651 
31417ALQ0	332,636,491	 16,777,659 
31419GQS6	1,882,395	 86,882 
3140QWAZ5	9,468,924	 6,660,893 
3138ANDY6	411,508,392	 16,522,161 
36241LSX5	200,005,000	 13,333,603 
36225DHM9	219,113,352	 1,876,555 
3128MMR96	126,993,020	 4,216,063 
3140MEX43	1,885,713	 1,860,756 
3622ACVK3	21,376,332	 15,465,947 
3622AC3D0	33,976,000	 24,830,271 
31384U4H4	4,185,130	 2,633 
36179RPB9	171,687,136	 5,499,719 
3140NVGM3	12,004,000	 12,004,000 
3138WFE93	146,441,268	 8,485,325 
36176CUU7	20,280,113	 517,501 
36225DMA9	183,024,876	 2,514,368 
3132DPUE6	232,875,809	 160,453,163 
3138ASRT1	33,489,212	 1,112,243 
3620ADKN1	2,459,201	 371,523 
3132HNLY3	142,745,546	 14,763,736 
36179MP46	445,604,353	 5,243,770 
3132XGRW8	11,321,000	 11,270,430 
36179NM88	76,708,559	 13,477,939 
3140NWDG7	11,006,000	 11,006,000 
36179TFE0	102,436,709	 3,747,599 
36225DJJ4	110,071,545	 1,558,461 
31418DFJ6	1,274,752,362	 124,993,497 
36179NM39	43,693,754	 4,194,466 
3140NUUL1	172,315,000	 172,315,000 
36202K3S2	184,031,262	 357 
36179SK30	30,351,563	 2,953,933 
38385DK39	67,907,000	 51,984,327 
31417FP93	55,361,556	 1,367,980 
3140JCHM9	25,854,834	 17,815,963 
36178EUP2	2,128,933	 184,353 
36179NLQ9	180,034,268	 4,252,100 
31307S2B8	28,545,802	 4,002,555 
36179TX75	87,018,376	 3,933,366 
3140XMM45	65,276,118	 45,849,300 
36179NP77	4,470,819	 60,994 
3140NUF38	49,020,000	 49,020,000 
3140NUDT3	18,946,000	 18,838,470 
36179SP43	720,838,060	 67,250,774 
3128HDW88	10,004,677	 2,759 
3132D57J5	6,121,548,697	 3,203,852,816 
3128MMRQ8	123,412,713	 4,523,314 
36202EGN3	528,285,030	 6,616,522 
3128JPAB6	42,322,221	 113,742 
36179RQZ5	3,226,648,091	 360,383,551 
36202ETV1	496,811,655	 1,016,795 
31404XT61	6,848,996	 213,360 
36225DLR3	121,306,622	 1,256,617 
36179TKB0	148,125,172	 9,469,113 
3140NWAL9	91,910,000	 91,910,000 
36225CSC1	90,206,049	 50,054 
36179QHW4	207,408,212	 4,873,597 
3140NWBL8	50,105,000	 50,105,000 
36179QJ69	368,336,974	 7,082,358 
31401MBC4	2,010,006	 33,434 
31417GFN1	167,462,945	 4,554,376 
31404JJ55	3,064,743	 106,697 
3133BRCV4	6,349,088	 3,945,197 
31389FES7	4,569,925	 43,611 
3140HWPX4	186,250,000	 186,250,000 
3622ACDD9	53,791,176	 36,417,739 
3140NUXW4	30,797,000	 30,797,000 
3132GSWQ8	20,105,463	 1,720,876 
3137FFHX8	90,000,000	 55,453,626 
3140NWDS1	32,046,000	 32,046,000 
3136BTZA4	44,601,547	 34,069,488 
3620AF3Z8	6,900,555	 270,534 
36179QMK4	361,941,223	 4,500,511 
36225CDM5	486,339,556	 89,384 
36178ETV1	9,026,734	 659,621 
3140JB4V5	176,439,000	 176,439,000 
36178ETQ2	4,336,085	 363,760 
31371JBD5	315,232,005	 144,761 
3128MMS61	1,767,030,721	 94,631,281 
36225CS23	403,253,094	 702,447 
31412HSD2	20,233,946	 242,310 
3140XJWE9	77,162,901	 54,050,622 
3140X8K55	38,823,683	 23,920,888 
31296QFM7	1,055,064	 16,138 
36225CCG9	226,317,369	 28,389 
36202K6G5	541,105,204	 4,475 
3140LG4C3	35,700,000	 35,700,000 
31418ECH1	1,121,873,376	 758,089,308 
3138AXVP3	171,915,976	 8,230,440 
3138ELE66	92,713,282	 1,344,906 
36179RXR5	187,316,209	 9,266,143 
36202D3G4	254,523,706	 2,026,421 
36179QAM3	22,668,900	 664,320 
3138ALMD6	84,539,465	 2,417,596 
31383WH87	1,290,479	 10,175 
3140NWVA0	17,549,000	 17,549,000 
31403RMG0	1,789,149	 62,180 
36225CGG5	353,484,944	 152,059 
3140XKCX6	49,751,950	 35,125,411 
31295NRT7	75,339,344	 15,587 
36202D7G0	100,611,007	 1,031,139 
31418DXK3	32,384,485,078	 21,541,562,952 
3132DTHH6	65,856,969	 47,724,921 
3138EH6U1	32,483,119	 42,335 
3138AB7J2	82,666,121	 1,972,915 
3140J2PM2	30,537,000	 30,537,000 
36179NF52	258,263,534	 43,394,593 
31418D2V3	2,832,501,720	 1,792,692,944 
31380RME2	815,775	 14,691 
36179NUX4	33,414,809	 812,426 
36179NJM1	273,353,950	 9,194,968 
3128MDZG1	105,333,557	 3,072,999 
36200C6W0	721,300	 306,662 
31349UDY1	50,345,249	 94,358 
36225CFJ0	445,735,747	 231,823 
36178EU72	1,788,130	 114,008 
31418CFD1	6,335,153,059	 1,285,548,328 
3140NVWT0	17,220,000	 17,220,000 
3138A8RD0	1,296,566,336	 67,692,354 
36179MDD9	233,121,296	 4,370,763 
3140X8WP8	90,522,628	 58,619,559 
31307HXN2	1,762,606	 15,556 
3133A0J21	3,303,659	 922,205 
3138YGZJ4	27,194,252	 7,031,775 
3136BR4M6	30,000,000	 19,012,514 
31418CYE8	115,736,871	 4,061,674 
36179SP68	27,088,306	 1,706,721 
36179THZ1	172,482,742	 19,892,590 
3138EN4L0	502,276,431	 24,845,937 
3140LHGY0	20,700,000	 20,700,000 
31409GR65	12,550,001	 73,646 
3138EMY96	59,000,000	 2,059,593 
36178EP45	2,831,707	 356,189 
36225CDY9	50,837,548	 21,405 
36179NXC7	18,822,426	 600,771 
3128JRRJ7	9,515,201	 193,127 
31412HSJ9	2,933,400	 67,466 
31385JDB1	9,737,537	 72,581 
3138YUGY1	2,363,404	 680,085 
36225E2K7	613,527,058	 19,398,916 
31418CAQ7	234,060,741	 25,988,682 
3138X17J9	176,409,360	 4,946,931 
3138YD6G9	30,812,415	 856,654 
36179MAX8	17,946,015,803	 1,185,716,773 
3128MMR88	58,705,700	 2,003,455 
31371NRS6	471,926,737	 1,512,157 
31418DKJ0	2,789,524,376	 476,344,706 
31417FX86	69,706,919	 1,432,753 
31385SB64	8,575,337	 19,832 
36225CEG7	946,495,361	 223,657 
3622AC3C2	38,105,263	 27,120,691 
36202DHV6	67,487,281	 21,959 
36182BD63	2,459,125	 49,942 
38384PSK7	25,000,000	 13,474,341 
31391SRQ5	1,061,215	 24,242 
36179QQZ7	431,735,246	 15,162,710 
3140NWAV7	23,140,000	 23,140,000 
3138A36S1	403,876,745	 18,116,473 
36178EUR8	2,446,569	 407,340 
36225CCX2	829,512,600	 74,623 
3132D6A83	4,600,156,402	 2,762,245,334 
36225ENJ7	119,933,150	 598,326 
36225CUK0	420,066,701	 1,266,846 
3128MMVY6	193,532,608	 30,971,362 
36225DPX6	128,709,358	 1,095,609 
38383VUV8	58,511,103	 41,144,119 
3132DV7K5	29,210,896,197	 17,508,344,588 
36176NBE0	4,909,659	 598,209 
36179RP86	107,346,805	 6,075,536 
3140J8FS7	55,058,640	 2,299,013 
36179QVG3	87,842,055	 3,255,145 
3618A0UB8	8,648,856	 7,210,060 
36179NLC0	8,344,871,317	 999,479,674 
36179SJ65	98,980,934	 5,098,618 
36225CQZ2	84,113,188	 34,592 
31407QGB6	33,798,675	 14,988 
3132GSMA4	43,327,064	 3,446,563 
3136BDM39	50,000,000	 36,280,603 
3140LG5K4	30,081,000	 28,497,642 
36179TPU3	221,886,486	 19,969,657 
3140QGAU1	213,470,631	 132,057,118 
3132D6BJ8	2,523,011,788	 1,498,852,879 
31412HSK6	990,130	 27,637 
36225CBY1	211,380,319	 24,493 
3138WAVN4	36,108,697	 1,246,642 
31307HYT8	2,136,741	 73,370 
36210ANB9	11,913,169	 30,325 
31296M2M0	86,948,894	 1,092,457 
3128NKFV3	50,029,585	 562,888 
36179NJC3	350,399,924	 21,571,660 
36179RNV7	3,066,467,549	 381,894,342 
3138LY4M6	31,072,837	 5,689,496 
36225CFL5	465,405,191	 180,177 
36225CQF6	89,168,401	 116,890 
3138WH6E7	200,674,306	 29,372,504 
3620AMVE9	14,686,262	 2,100,001 
3128MD5V1	14,000,000	 562,083 
36179RC98	332,773,659	 15,200,136 
3140HVMA9	14,900,000	 14,900,000 
31404XLY8	3,235,934	 76,991 
36179NMP0	227,915,294	 3,839,625 
3132DSU59	56,801,180	 46,262,104 
3132D6C40	399,970,435	 200,924,716 
36179QSE2	519,039,186	 9,428,980 
3128MDYL1	50,000,000	 1,736,372 
3138A5M58	169,671,513	 6,926,760 
3128MDTZ6	387,616,104	 10,994,196 
36179RUG2	407,563,814	 24,298,408 
31403RS66	605,065	 27,530 
31307EWD2	75,487,576	 2,325,841 
36225CEJ1	922,185,134	 166,030 
31418DDJ8	342,301,238	 15,272,838 
36182WCS0	18,865,616	 464,904 
36225EAR3	16,078,625	 171,640 
36225CEY8	630,573,601	 255,117 
3137FFF69	50,000,000	 31,138,603 
3140XDP59	117,915,135	 76,644,259 
36225CET9	262,416,897	 13,034 
31410LR79	350,194,489	 23,440,412 
3128MMXF5	1,038,585,295	 113,132,826 
31403YCJ0	3,487,901	 44,803 
36225CA89	961,034,867	 77,411 
3622AB6Y3	82,014,859	 56,633,834 
3620AR3R0	108,914,105	 4,683,847 
3137HHJL6	335,360,000	 335,360,000 
3128MMXA6	470,618,068	 63,301,067 
31419DDU2	132,000,225	 3,785,005 
36179NNL8	70,232,139	 2,460,053 
36202CR39	95,673,464	 1,934 
31403YCL5	8,098,232	 24,782 
3128MDKT9	554,091,337	 7,964,936 
3140XQDL8	52,873,208	 43,762,656 
3138XJ4D6	1,404,481	 40,058 
3132DPGT9	121,513,494	 83,139,511 
3133KYVC0	3,802,392,433	 2,415,567,667 
36225CCN4	435,056,826	 50,588 
3138XGTQ6	8,125,096	 207,093 
3132DTLL2	20,538,207	 17,075,149 
36179NRK6	404,431,001	 9,112,016 
31418DV66	8,228,026,167	 5,783,422,490 
36202FPE0	855,930,312	 52,886,299 
3138XGTL7	2,429,672	 153,893 
3138XTAB1	14,352,323	 1,817,414 
31292GXS0	2,290,295,796	 960,000 
31388PR37	48,290,047	 87,647 
3136BUWF3	94,906,000	 67,917,631 
36179R6G9	349,077,176	 22,719,671 
36179UJG8	48,618,654	 2,707,110 
36202EYD5	74,160,146	 360,609 
3620ASGU7	60,170,074	 1,917,880 
36225CL20	535,674,376	 454,439 
3132DWCT8	22,310,641,431	 16,875,407,523 
31379PCG5	15,374,771	 14,992 
3620ARYW5	6,674,726	 443,791 
31418CCP7	1,293,387,407	 125,957,270 
38383VP85	100,000,000	 72,266,089 
36179QGR6	109,058,085	 1,924,431 
3620ASSU4	1,159,037	 11,416 
36179UEL2	41,441,056	 1,761,076 
36179RYZ6	440,922,515	 26,642,179 
3622AB5B4	108,923,570	 79,213,976 
31418DUG5	35,422,830,794	 21,780,710,851 
36178GEM2	12,824,556	 1,060,369 
36225CE44	699,546,940	 243,428 
36225DKN3	235,216,034	 1,749,909 
36179MSX9	9,891,095,114	 834,906,646 
3140NVG43	48,914,000	 48,914,000 
3138A7QM3	414,878,173	 19,267,449 
3138A8YD2	712,470,239	 36,119,819 
3138WGPJ7	30,214,687	 2,583,463 
36202DH95	88,766,523	 53,355 
36179NRH3	244,823,348	 5,594,404 
36179TD69	169,109,952	 16,538,157 
3133GCT28	110,797,538	 53,485,841 
3137FHQ71	263,381,000	 263,381,000 
36225CCW4	392,661,371	 76,808 
36179SBG1	358,321,683	 23,479,630 
36202K6Y6	69,671,674	 3,093 
31307LZA9	9,566,764	 438,277 
3142BBC40	49,434,060	 42,457,833 
36179SN94	14,645,626	 453,039 
36225CEQ5	676,456,220	 121,796 
36179NNA2	8,452,635,887	 803,992,580 
36179RBW8	11,933,902,789	 1,093,690,875 
3128Q02X4	3,164,049	 25,759 
3137HJTQ0	74,944,000	 53,474,986 
3128S4F28	49,960,719	 90,227 
3138EKX26	142,084,670	 1,978,707 
3622ACCX6	50,001,000	 36,285,687 
36179SRX7	242,009,023	 23,393,839 
36179TDB8	192,476,543	 10,995,638 
36178EPY9	20,244,345	 2,613,787 
3140XKVQ0	22,668,499	 16,010,340 
31418ECV0	1,602,111,375	 945,311,430 
3132XFJX7	10,365,000	 10,365,000 
3128MMUM3	894,150,791	 70,193,144 
36202EV71	208,600,485	 301,670 
3132DPGF9	149,476,714	 109,144,674 
3138WJF94	252,953,341	 35,506,109 
36179SCK1	97,305,202	 3,276,709 
3132DSYM8	79,604,713	 63,899,826 
3137FYA63	40,000,000	 20,985,506 
38383LY95	30,730,012	 17,081,776 
36225CDJ2	833,413,509	 174,258 
31419FVS2	80,806,078	 2,485,929 
3138W6T89	26,777,300	 585,285 
31413JW26	19,351,299	 272,459 
36241K4G0	200,005,000	 6,449,475 
36179QWS6	128,055,769	 2,978,636 
3138WFNT9	140,434,051	 8,044,086 
3132XFJ41	28,657,000	 28,657,000 
3140XGZP7	38,208,464	 22,529,192 
31389QUN6	1,680,561	 11,043 
3140NUE47	53,442,000	 53,442,000 
36179QWD9	3,081,671,264	 253,680,682 
38384QFS2	71,042,000	 48,923,326 
31418DX80	6,532,895,174	 3,461,352,725 
3620AVWE8	50,607,083	 2,520,341 
3132DWCP6	15,920,457,209	 11,244,751,226 
31404M6A1	1,031,569	 36,194 
36179QL41	789,873,616	 93,226,366 
3138AVGA7	124,946,174	 4,466,196 
3128LLLF1	49,913,925	 944,339 
36179NH84	438,876,202	 68,587,630 
31418R5D9	10,090,835	 68,367 
3128MMV42	126,975,238	 19,404,983 
31418D3A8	1,077,857,636	 718,413,208 
36225CR57	71,213,394	 24,106 
3620ASSD2	6,439,599	 708,514 
3128MFS41	41,884,640	 6,520,694 
3140NVFJ1	56,209,000	 56,209,000 
36179QAL5	249,570,129	 5,373,120 
38385EEX8	59,679,780	 49,694,491 
36179NBB3	7,083,107,084	 627,729,741 
36225CDL7	1,170,197,179	 188,975 
36179NH35	197,622,268	 6,797,252 
3132XKR82	98,320,000	 98,320,000 
3133WJDK2	57,184,085	 36,864,251 
3138W5J82	30,005,008	 675,436 
31292GXD3	1,939,645,185	 641,363 
36225CVY9	442,549,138	 1,010,973 
36225CER3	607,507,004	 160,752 
36179QVF5	493,897,962	 17,612,135 
3140XMX50	66,686,766	 55,007,353 
31418BRZ1	58,751,800	 4,781,819 
36179NLB2	171,018,566	 29,470,337 
36179UDC3	2,123,082	 115,249 
3140L2SL8	57,080,110	 36,422,956 
36179TF83	206,840,398	 19,158,511 
3620AFX77	3,277,820	 178,813 
3138XTAA3	3,296,656	 403,493 
31388B2M3	328,021,329	 54,894 
36179TQ24	79,912,930	 3,285,892 
31418EAB6	2,856,478,079	 1,941,059,350 
36179R3E7	70,459,429	 4,374,512 
36179RZ77	93,161,384	 2,921,681 
36225CL61	1,290,970	 14,416 
36213CXT2	6,969,057	 169,084 
3128LCJU1	1,203,300	 273,901 
36202EB99	867,979,504	 11,898,758 
31411CNN7	22,955,223	 79,363 
31418ECZ1	1,111,229,332	 774,121,657 
31412HSE0	3,413,526	 85,243 
3140XG3G2	12,027,293	 6,894,126 
31409D6C2	30,022,219	 66,669 
31419A4N4	6,000,000,000	 348,965,700 
36178EMP1	1,083,561	 202,581 
3622AB4L3	52,152,046	 35,479,743 
3137HJEG8	120,000,000	 85,821,244 
3140HVVK7	56,000,000	 52,163,179 
36225CNB8	209,227,235	 189,200 
31419CG80	2,939,913	 98,165 
3140QRS87	5,721,747	 4,709,002 
3140HVKH6	16,705,000	 16,705,000 
3128MJV56	8,805,619,109	 1,212,123,498 
36225DSJ4	168,561,505	 2,420,397 
3620ARJG7	2,257,606	 251,889 
36179NV39	35,293,558	 541,801 
38384NJD8	50,000,000	 32,132,603 
31297FUP6	250,549,460	 1,183,480 
36179SM46	184,774,539	 17,253,827 
36202DZF1	2,377,157,557	 26,094,463 
3140HRSF1	31,573,000	 31,573,000 
3620A6CW5	12,684,857	 820,587 
31388DZ68	80,014,982	 69,923 
36179TL52	66,513,555	 3,960,538 
36202DFZ9	436,937,948	 248,382 
31389TJ29	8,676,848	 21,969 
31307P5P0	18,560,524	 1,732,696 
3140NVT56	25,240,000	 25,240,000 
36225DSE5	126,712,028	 1,803,742 
36230MAE7	1,358,222	 115,585 
3133BQY59	17,608,802	 13,475,688 
3620AFVK0	7,748,420	 317,197 
38384NGD1	69,522,973	 51,747,708 
3128MMVW0	594,848,674	 81,781,634 
3622AB5N8	54,668,505	 38,402,331 
3138WTHF6	53,679,303	 2,135,434 
36225CJ23	6,141,470	 12,886 
36178ETN9	12,794,970	 981,126 
36179TY90	383,624,286	 33,910,204 
31402DLZ1	46,226,430	 458,671 
31411FWE0	17,327,770	 498,550 
31416QZE8	1,437,196	 125,066 
3138WGJP0	77,677,964	 4,317,459 
3138A52K7	61,866,752	 2,991,313 
38384YAL5	100,000,000	 78,780,868 
3132D6C32	184,323,822	 94,501,660 
3140XFVL2	34,253,654	 23,278,963 
3140JCEY6	79,282,704	 60,075,808 
3140N25Q0	36,593,156	 26,363,799 
36179QHV6	292,373,188	 7,455,385 
31418VBG6	1,253,441	 211,715 
31417GFM3	255,657,668	 6,163,224 
36179RUF4	202,661,555	 13,177,859 
36179QBF7	5,400,186,070	 353,572,431 
31362VFC7	39,970,827	 3,159 
3128MFT57	37,313,547	 5,343,203 
36225CGR1	132,240,542	 52,732 
31419GYQ1	305,536,939	 13,544,504 
36225CB62	974,226,757	 100,667 
3132DTH78	126,670,223	 102,955,209 
31410B6C3	16,749,889	 117,494 
36225CQR0	133,790,049	 202,954 
3138WBV69	4,569,625	 596,532 
36179RP78	489,549,887	 23,558,673 
36225D6U3	105,333,851	 1,671,726 
3620AR3S8	149,911,066	 5,200,581 
3128MMTF0	2,539,530,082	 174,251,304 
36225CPL4	411,928,885	 433,139 
36179S2N6	3,133,805,505	 490,731,567 
36202D3F6	21,681,066	 154,754 
3140LAR23	31,070,000	 31,070,000 
3132XGT48	10,526,000	 10,473,681 
3138EMQD6	100,000,000	 3,480,336 
3138WD2P5	50,585,264	 2,250,493 
3140LBXV0	9,500,000	 9,471,738 
3140NUJZ3	37,090,000	 37,090,000 
31287TTT2	2,212,800	 18,087 
36179NFE3	521,286,102	 9,403,292 
36179QPU9	100,212,606	 2,526,929 
36225CPN0	540,497,758	 630,474 
31418BJX5	535,688,119	 47,619,492 
36202EEG0	1,278,410,719	 15,514,230 
3132WWYD8	28,814,355	 24,964,977 
3140XRS71	67,868,893	 58,965,900 
3128MMT60	1,421,150,536	 99,061,028 
36202FZU3	520,239,724	 982,931 
3138WHWR9	331,127,127	 39,993,246 
31383JZL7	4,571,797	 17,820 
3140KQRP8	40,343,272	 25,587,392 
36178EMK2	8,793,059	 1,857,692 
31418ECD0	2,795,756,963	 1,666,883,169 
36202DKK6	754,711,348	 345,311 
3138XQC41	1,152,752	 200,882 
312941RS8	1,671,841	 174,843 
3140HNKC5	270,981,691	 180,691,367 
3138WJEF1	201,201,763	 28,468,850 
36179QPW5	190,191,377	 3,626,255 
36179NH27	654,472,872	 49,713,910 
3138ADBZ7	50,598,366	 2,066,951 
3132XKR74	12,525,000	 12,525,000 
36179NKQ0	468,390,597	 9,484,844 
36178EMA4	4,256,898	 308,097 
36179WND6	21,940,400,283	 14,524,973,483 
38383WBJ4	30,500,000	 20,709,627 
36179NZQ4	281,334,822	 5,844,835 
38384XAK9	100,524,000	 67,164,476 
36225C3N4	17,888,540	 32,385 
36225CB47	294,410,921	 37,708 
31393DYT2	170,000,000	 643,754 
31421ATH6	7,299,373	 396,388 
3136BSA47	31,280,000	 19,385,065 
36225CFX9	85,637,166	 15,131 
3128MMTK9	2,144,818,059	 150,455,233 
3140MEX50	1,128,296	 1,111,056 
31389C4H9	12,000,979	 134,137 
31418BXA9	421,989,664	 46,042,415 
36179UGR7	69,567,390	 1,562,828 
31403YDE0	5,971,174	 28,715 
3133BQWK8	29,725,134	 23,170,921 
36225CKZ8	469,109,948	 446,616 
3622ACAF7	36,724,711	 25,759,982 
3128MFVU9	33,829,179	 4,475,480 
3140Y6LY4	5,872,073	 5,541,769 
36179UAH5	85,258,561	 3,737,694 
38384WJ89	50,000,000	 35,854,959 
3138WJEY0	273,167,778	 42,604,782 
3133WKAR7	6,661,635	 4,243,218 
36225DF82	122,514,309	 1,512,944 
3140NV2S5	14,472,000	 14,472,000 
36179QBU4	422,439,712	 5,566,543 
36202DVX6	17,655,668	 372,414 
36179YJP0	10,042,737	 6,633,686 
38384UWM7	75,000,000	 57,690,284 
3128MJQU7	828,648,716	 48,717,460 
3132DWBH5	30,135,622,519	 20,473,027,524 
36179NFY9	272,273,407	 15,440,570 
36225CLK0	886,866,693	 499,439 
36179QUJ8	377,006,621	 7,148,415 
36230LCU1	111,871,949	 5,745,478 
31418DYB2	35,199,689,232	 24,119,269,522 
36179NM96	3,051,664,278	 392,668,537 
36179QJS1	9,695,292,550	 656,938,286 
36178EMJ5	10,890,283	 1,696,207 
31417AJD2	122,328,745	 250,806 
31389C4C0	4,000,300	 1,683 
3140NU4H9	22,491,000	 22,491,000 
3137FYGW0	25,000,000	 11,373,109 
36179UMX7	64,405,877	 4,205,713 
38383WBG0	53,901,945	 33,332,581 
36179NUW6	249,696,340	 5,243,164 
31418A3W6	34,647,433	 1,499,233 
36225CQH2	108,193,538	 186,507 
31406ELK8	3,854,574	 47,391 
31307MUR5	27,532,071	 1,756,592 
3132KEG25	111,755,676	 3,850,078 
36225C3K0	551,833,319	 1,859,485 
36202E5X3	117,279,170	 1,998,729 
36182BD71	6,044,463	 799,729 
36225CFU5	364,504,446	 103,231 
31307MY83	68,070,617	 5,161,224 
3132D6A42	4,672,490,971	 2,768,263,767 
31416XY53	21,500,540	 1,129,834 
31349S5P4	191,586,813	 339,898 
3132XGKD7	49,852,000	 48,425,876 
3620ARXW6	22,238,465	 2,506,994 
3128MD4E0	124,476,131	 3,925,288 
3138WA4Z7	65,728,343	 2,186,806 
38385GZ51	55,657,000	 43,772,798 
31426SJV2	1,166,943	 893,876 
38385GN54	130,353,000	 95,258,488 
3622ADXK9	114,752,909	 101,757,779 
38385GX79	71,211,706	 54,224,537 
3622ADW95	55,217,509	 48,520,367 
3618KRY24	1,085,749	 1,074,071 
3140NYBA8	54,600,000	 54,600,000 
3140Y6QK9	3,504,888	 3,005,172 
31426RXA4	1,051,763	 1,039,144 
3140Y6ZV5	1,818,769	 1,659,821 
3622ADR59	28,412,667	 25,342,552 
3140Y6WS5	1,743,560	 1,720,766 
3140Y6VV9	1,970,778	 1,910,040 
3140B9PC7	1,782,469	 895,081 
3618KLYW1	1,827,353	 1,593,767 
3618KLYM3	1,665,698	 1,076,827 
31288RE95	126,848,528	 111,656,760 
3140NYLJ8	25,046,000	 25,046,000 
3140Y6MQ0	4,075,858	 3,658,672 
3140Y6QL7	3,246,112	 2,706,791 
3140Y6MH0	5,112,309	 4,446,765 
3140Y6RZ5	2,425,740	 2,352,286 
3140Y6SK7	2,643,112	 2,350,037 
3140NYLM1	25,848,000	 25,848,000 
3140Y6MT4	7,338,300	 6,191,117 
3140NYLL3	29,264,000	 29,264,000 
3140Y6MJ6	2,174,729	 2,142,491 
31426RAN1	1,370,931	 1,081,151 
3140NYLK5	10,452,000	 10,452,000 
3142GVBE0	4,021,596	 3,663,801 
3140Y6QA1	3,643,632	 3,595,814 
38385G3V9	117,496,497	 88,460,511 
3618L2TR9	1,824,321	 1,361,363 
3142GVBC4	2,499,251	 2,453,432 
3622ADZJ0	52,700,621	 46,753,901 
3140NYSM4	75,254,000	 75,254,000 
3140BFY90	1,035,400	 916,441 
3622ADYW2	75,360,392	 68,483,320 
3140Y63D0	2,148,223	 2,094,842 
3618L2VQ8	1,200,454	 956,894 
3622ADXV5	52,722,707	 47,712,906 
3622ADYC6	61,185,033	 53,893,411 
38385FBE0	92,549,000	 79,937,192 
3140Y6ZU7	1,859,480	 1,838,720 
3140Y6MS6	9,001,850	 8,098,248 
38381NUE6	35,382,357	 26,773,705 
3618L2VB1	1,308,175	 1,054,168 
3618L2UZ9	1,385,679	 370,979 
3622ADVM7	90,174,684	 74,898,730 
3140NXD91	46,000,000	 46,000,000 
3618KRYZ1	2,194,956	 1,768,330 
3140ME3S3	1,050,374	 1,029,679 
3142GVBD2	6,181,537	 5,724,130 
38385G2U2	94,695,000	 78,247,472 
3140Y6WE6	1,018,800	 986,101 
38385EP81	77,910,064	 55,955,515 
3618KCAT4	1,492,984	 1,104,387 
3140Y6QJ2	2,062,773	 1,909,327 
3140BCU42	1,198,049	 1,045,750 
3140Y6VW7	2,439,714	 2,328,189 
3140BDHM5	1,369,720	 1,346,805 
3140NYME8	20,875,000	 20,875,000 
3618KLZA8	1,602,483	 1,172,603 
3140Y6R69	2,514,520	 2,447,566 
3140BCVY5	1,232,654	 1,204,404 
3140JB5A0	118,357,000	 111,413,399 
3140NYEZ0	77,250,000	 77,250,000 
3140Y6WQ9	2,463,210	 2,404,519 
3618KPEU8	25,120,318	 23,408,714 
3622ADZB7	50,001,000	 45,967,189 
3618L2T57	1,839,523	 1,666,466 
3618KNNL3	35,371,051	 33,174,064 
3622ADX60	54,414,684	 50,157,688 
38385G3D9	59,161,249	 46,227,022 
3142GU5R0	10,397,640	 9,496,432 
3142GU5P4	1,252,221	 1,154,861 
3622ADZA9	50,001,000	 43,581,611 
31426SJW0	1,254,000	 1,015,349 
31426RXB2	1,805,565	 1,766,426 
3622ADZC5	70,001,000	 66,413,347 
3140Y6WG1	1,873,795	 1,852,274 
3618KPEK0	22,332,984	 20,409,915 
3618L2UE6	1,128,718	 1,113,198 
3622ADWH7	92,352,123	 82,842,230 
3618KPG51	20,487,986	 19,618,538 
3140Y63A6	2,069,625	 2,045,740 
3618KPG69	30,279,257	 27,655,520 
3622ADYA0	64,199,485	 57,301,220 
3622ADV47	99,733,684	 87,720,328 
3622ADYT9	58,691,520	 54,168,031 
3622ADX52	69,515,709	 63,698,646 
38385CY69	84,397,000	 60,280,936 
3622ADXU7	42,624,652	 37,496,741 
3622ADYB8	58,832,703	 50,784,672 
3140Y7BG2	1,462,046	 1,153,986 
3140Y7BE7	1,872,303	 1,852,280 
3140MKR61	1,365,113	 749,881 
31426XTE8	1,034,523	 1,024,441 
3140MKR79	1,094,633	 1,074,949 
38381PTU7	71,714,280	 62,045,507 
38381PYW7	75,000,000	 60,547,583 
38381PC84	75,000,000	 60,577,589 
38381PM75	50,000,000	 47,974,305 
38381PGX5	134,699,000	 117,435,275 
38381NZP6	86,327,000	 81,630,651 
38381NZR2	50,000,000	 47,297,889 
3622ADZV3	34,631,858	 32,393,101 
38381PAZ6	49,029,486	 44,671,188 
3142GVHJ3	1,060,791	 1,014,983 
31426VAH5	1,085,316	 790,274 
3622ADZ35	51,289,911	 48,754,019 
38381QXN6	106,514,000	 91,743,008 
3140NWRR8	176,730,000	 176,730,000 
3140Y7CP1	5,236,146	 4,734,383 
3140Y7FZ6	8,289,389	 7,602,874 
3140Y63U2	1,862,672	 1,429,242 
3140Y64E7	1,243,407	 1,228,179 
38381PEV1	157,828,000	 128,369,731 
38381N3P1	70,278,598	 59,356,323 
38381PUR2	56,363,166	 45,922,190 
3622AEBJ4	50,204,711	 48,761,488 
3142GVX89	1,034,307	 1,028,887 
3622AD4N5	64,905,701	 57,565,594 
38383BMP4	90,000,000	 78,518,406 
3142GVHK0	1,152,796	 1,142,217 
3140Y7BN7	1,602,293	 1,235,750 
3140Y7HW1	1,208,794	 1,178,852 
3140Y7HY7	1,341,140	 1,329,644 
3618KMCL7	11,985,599	 11,734,832 
3618LMES9	29,266,379	 28,483,862 
38381PR21	53,647,863	 45,740,867 
3140Y7A57	3,930,300	 3,603,114 
3140Y63S7	3,404,475	 3,361,614 
3140Y7A40	1,376,316	 1,363,135 
3140Y7A65	1,138,469	 1,126,788 
3140BJWG8	1,476,559	 1,364,995 
3622AD6A1	45,527,246	 44,588,916 
3618LFSD2	1,718,269	 1,296,682 
3140Y7HA9	1,637,440	 1,614,720 
3142GVR78	910,894	 902,590 
3140Q0GB2	19,026,000	 19,026,000 
3142GVL66	5,137,863	 4,172,170 
3140Y7FY9	5,902,432	 5,603,454 
3140Y7HB7	1,860,826	 1,805,308 
3142GVWT4	3,695,965	 3,345,965 
3618LVPK4	2,819,054	 2,536,645 
3618LVPB4	1,241,463	 861,996 
3142GVX71	1,224,260	 1,216,114 
3618LVPW8	1,275,417	 1,080,824 
3142GVL58	3,911,343	 3,635,778 
3140Y7FX1	1,169,130	 1,156,197 
3140Y7CN6	7,858,399	 7,716,941 
3140Q0MW9	3,217,000	 3,217,000 
3622AD6P8	35,050,424	 32,763,039 
3622AD6Q6	16,147,562	 15,516,325 
3142GVWR8	1,007,516	 997,702 
3142GVWS6	5,357,925	 5,172,468 
3140Y7W61	1,286,031	 1,277,260 
3140Y7NT1	1,126,371	 1,107,042 
3142GVXA4	1,525,915	 1,515,812 
3140Y7CL0	2,359,909	 2,335,322 
3142GVXC0	1,337,094	 1,234,881 
31427CPT4	1,458,667	 1,323,974 
31427D7B1	1,146,573	 1,132,796 
3142GVR60	2,751,058	 2,647,191 
3618JQX60	14,692,595	 14,404,593 
3618LVLV4	1,363,670	 1,351,773 
3618LVMN1	1,161,128	 1,150,229 
3618LVL93	1,178,495	 1,169,313 
31427GW34	1,115,694	 1,105,954 
3140Q0U26	6,650,000	 6,650,000 
3140Y7RB6	1,644,100	 1,632,811 
38385HEU7	93,905,000	 89,417,318 
38385HLW5	49,160,031	 47,714,602 
3140Y7HP6	2,144,009	 2,121,363 
3140Y7QE1	1,011,750	 1,002,499 
3140Y7HQ4	1,825,655	 1,811,192 
3140Y7NS3	2,065,814	 2,040,509 
3140Y7QF8	1,345,763	 1,332,409 
3142GVXT3	1,311,110	 1,301,931 
3140BS3T2	1,714,432	 1,615,691 
38381U5P3	38,098,562	 36,940,449 
3142GVXU0	1,968,897	 1,947,773 
38385HM61	50,000,000	 48,090,639 
3142GVXB2	2,003,597	 1,814,131 
3140Y7QX9	1,323,970	 1,276,682 
3140Q02B7	12,631,000	 12,631,000 
38385JKS1	46,324,582	 45,499,014 
3142GWF46	2,055,380	 2,041,103 
38385H4T1	109,664,977	 107,250,382 
38383B4G4	125,827,000	 121,737,685 
3142GWBY4	1,076,302	 1,070,331 
3142GWCG2	1,029,579	 1,023,656 
3618N56G9	4,237,219,638	 4,185,572,464 
3618M8Z23	16,155,593	 16,022,698 
38385LNQ7	58,916,779	 57,958,886 
3618LG7L5	25,360,195	 24,905,082 
3618M9B27	14,118,796	 14,035,319 
3618M84V3	12,132,526	 12,060,656 
38385LXQ6	101,603,002	 100,102,469 
3618LHAE5	20,239,834	 20,097,551 
38385LAM0	66,404,000	 65,093,736 
3140Y7QY7	1,334,480	 1,320,970 
3622AD7D4	50,381,536	 47,528,181 
3618NVNZ1	40,031,716	 39,238,181 
3142JNFL5	1,084,083	 1,075,275 
3622AEBK1	50,803,744	 49,427,574 
38385JUY7	43,040,000	 42,516,369 
3618V4ET6	1,729,652	 1,719,020 
3140Y7YQ5	1,066,570	 940,172 
3140Y76N3	1,093,720	 1,087,046 
3140Y7YN2	1,072,785	 1,062,866 
38385LRF7	25,000,000	 24,580,245 
38385LJN9	451,917,400	 444,354,057 
38385L2V9	50,000,000	 49,171,430 
3622AECS3	58,342,974	 57,452,252 
3140Y75Y0	1,265,463	 1,252,417 
3142GWB57	1,096,769	 1,089,714 
38385KNG1	57,383,000	 55,999,119 
38385KGH7	104,047,263	 101,719,467 
3142GWCH0	1,033,363	 1,018,724 
3142GWCF4	1,018,392	 1,006,566 
3140BXJV9	1,119,600	 1,111,705 
3622AEDL7	61,513,968	 60,349,027 
3618M85E0	20,104,471	 19,703,463 
3618N53W7	3,244,667,980	 3,199,054,438 
3622AEFE1	59,952,500	 59,509,358 
3618V4ES8	2,307,632	 2,295,020 
38385LGL6	46,190,000	 45,444,301 
38385LDH8	94,201,023	 92,513,932 
38385LT32	103,813,000	 101,358,717 
3618M9EA6	34,341,538	 33,874,545 
3142JNFK7	1,034,988	 1,026,840 
3618M83Q5	35,559,388	 35,158,796 
3618M83V4	35,467,321	 34,982,337 
3622AEGF7	100,648,077	 99,338,648 
3618MNKX8	10,071,380	 10,025,081 
3618N6BD8	2,140,610,195	 2,115,981,940 
3618MLVH5	7,655,368	 7,619,564 
3622AEE93	58,275,509	 57,054,024 
3622AEFC5	60,385,997	 59,341,549 
3622AEFZ4	67,615,080	 66,912,390 
3622AEF43	54,846,748	 53,808,773 
3622AEF35	63,636,884	 62,427,370 
3618M9D90	21,547,212	 21,435,176 
3622AEE85	67,760,623	 65,913,910 
3622AEF76	66,859,147	 65,229,564 
3618M9ET5	21,197,423	 21,101,663 
3618MLVJ1	7,858,245	 7,815,423 
38385LTG3	104,978,000	 102,632,064 
3622AEGJ9	65,203,732	 63,777,359 
3622AEGK6	90,275,241	 89,456,351 
3622AEGD2	60,327,305	 59,276,257 
3622AEBY1	51,606,604	 49,570,123 
38385LGK8	27,638,000	 27,191,384 
3618LUJS6	10,723,814	 10,589,641 
3618MNK26	6,033,525	 6,000,262 
3618M9FJ6	34,426,538	 34,257,100 
3622AEJZ0	50,086,952	 49,585,695 
3622AEHK5	50,272,108	 49,711,294 
3622AEF84	64,143,509	 62,960,206 
38385MZU3	52,036,000	 51,104,235 
38383BQK1	51,029,000	 49,341,776 
3618M9KB7	10,247,235	 10,212,458 
3622AEJW7	57,359,865	 57,029,322 
3618LUJU1	8,024,617	 7,748,466 
3622AEDH6	51,887,400	 51,206,039 
38385MJA5	36,378,000	 36,144,434 
36180AB85	4,912,037,019	 4,396,781,823 
3622AEHQ2	50,694,693	 50,389,678 
3622AEJ49	60,440,410	 60,087,344 
3618M9DV1	5,426,181	 5,393,206 
3622AEHL3	55,581,769	 54,746,651 
3622AEFY7	66,231,920	 65,821,847 
3618M9J52	14,268,272	 14,216,929 
3618M83U6	25,300,099	 25,147,881 
3618M9ED0	24,055,030	 23,939,563 
38385L5N4	109,611,000	 108,495,737 
38385MMN3	59,886,680	 59,194,799 
3618MLXD2	5,703,970	 5,683,976 
38385MRG3	54,613,000	 53,795,375 
3618M9DF6	35,817,306	 35,380,211 
3618M83S1	35,461,284	 35,000,672 
3618M9JW3	28,368,478	 28,268,328 
3618M9JJ2	24,321,865	 24,221,913 
3622AEGG5	51,891,463	 51,387,543 
3622AECK0	59,426,898	 58,432,574 
3622AEGP5	77,820,860	 76,762,513 
38385MPZ3	182,407,000	 179,762,197 
38385MWG7	50,000,000	 49,147,212 
3618MJ2A7	1,274,717	 1,261,505 
3618MJ2C3	2,611,345	 2,598,479 
3622AEHS8	54,101,660	 53,739,399 
38385MHN9	32,317,000	 31,954,294 
38385MKD7	43,253,813	 42,758,856 
3618MNK34	6,844,907	 6,813,219 
3622AEHT6	79,699,598	 79,328,655 
38385MGK6	191,309,186	 189,097,879 
3618M9LR1	24,549,969	 24,459,651 
3618MJZ94	1,062,378	 1,056,515 
38385MLA2	124,231,532	 122,615,614 
3618LUKU9	4,234,763	 4,216,906 
3618LUK47	11,210,075	 11,167,931 
3622AEH25	78,716,085	 77,578,534 
3622AEJB3	77,890,739	 76,674,922 
3622AEH90	62,798,962	 62,194,692 
3618MJ2B5	1,635,083	 1,627,200 
3618M84B7	35,596,971	 35,368,975 
38385NAJ3	26,546,293	 26,158,020 
38385NAU8	27,824,676	 27,473,721 
3618MJ2D1	2,001,460	 1,990,896 
38385LWZ7	60,230,081	 59,458,521 
3618M9JD5	16,328,067	 16,268,961 
3618MPAA4	4,922,434	 4,904,404 
3618M2NA1	1,108,538	 1,104,245 
3618M9JF0	15,153,765	 15,099,794 
3618M9AZ5	29,943,724	 29,760,709 
38385KK25	173,885,000	 169,738,657 
38385N3K8	100,000,000	 98,789,701 
38385PQY8	129,072,786	 127,861,273 
38385PQB8	23,492,500	 23,354,755 
3140Q2KE7	23,360,000	 23,307,232 
3618N26Q4	11,428,222	 11,382,272 
3618N1SM1	2,998,223	 2,970,601 
3618MU2P9	11,829,517	 11,801,708 
38385MNM4	101,453,272	 100,036,875 
38385KW97	151,023,993	 146,388,692 
3618N6AN7	73,521,485	 71,353,700 
38385PAF6	36,446,596	 35,477,963 
3618M9LL4	15,103,193	 15,047,665 
38385NPN8	99,707,000	 98,916,533 
3618MN7L9	5,506,483	 5,488,585 
3618VCUS2	5,439,072	 5,419,576 
3622AEKQ8	160,635,081	 159,109,499 
3618MN7M7	5,438,071	 5,419,336 
3618N6EX1	23,309,099	 22,935,030 
3618VDB44	5,220,442	 5,207,642 
38385NW67	113,880,000	 112,889,459 
3618VDB51	4,925,832	 4,912,959 
38385NXA7	134,272,828	 133,064,236 
3618MU2R5	10,132,075	 10,105,121 
3140Q2J33	6,400,000	 6,385,742 
3622ADRK6	25,379,817	 22,086,432 
3622AECU8	79,311,831	 77,692,540 
3132XGAC0	8,691,000	 8,691,000 
3618MYZ83	3,208,689	 3,205,135 
38385SMF7	95,464,000	 95,209,302 
3618VFBS6	8,233,919	 8,224,755 
38385RPS8	54,125,000	 53,912,728 
3622AEJ23	16,542,362	 16,459,679 
3622AEJ31	18,107,596	 18,016,722 
3622AEJ64	42,453,632	 41,932,007 
3618VFBQ0	5,428,031	 5,421,989 
3618VFBU1	8,364,620	 8,355,637 
3140Q24Q8	13,935,000	 13,922,550 
3140Q24F2	9,722,000	 9,713,047 
3622AEMT0	50,835,793	 50,709,398 
3618ML2X2	36,770,097	 36,085,343 
3618MY2G1	2,570,316	 2,567,122 
3622AENP7	30,117,061	 29,561,102 
3618V8HQ0	22,448,410	 22,417,540 
36179XDF0	7,740,525,435	 5,302,718,007 
3618N6KT3	55,250,980	 55,250,980 
3618VCGM1	53,767,753	 53,630,777 
3622AEQ25	100,001,000	 100,001,000 
3618N6HH3	97,471,096	 97,361,421 
