CUSIP	 Total Issued 	 Original Balance 	Current Balance	Sub Type
36179NND6	332,225,474	904,710	38,942	 Agency MBS 30yr 
=BDS("3136ATWJ9 Mtge","MTG_CASH_FLOW",
"MTG_PREPAY_TYP=CPR","MTG_PREPAY_SPEED=0",
"ALLOW_DYNAMIC_CASHFLOW_CALCS=Y","headers=y")

If your CFT “0 prepay” is expressed as PSA, use PSA instead:

=BDS("G2 MB0025 Mtge","MTG_CASH_FLOW",
"MTG_PREPAY_TYP=PSA","MTG_PREPAY_SPEED=0",
"ALLOW_DYNAMIC_CASHFLOW_CALCS=Y","headers=y")

=YBCF("36179NND6",14229.616,"2026-07-20","","","2026-07-07","CPR",0,"",,,,,"Default","",,,)

{
  "input": [
    {
      "identifier": "36179NND6",
      "parAmount": "14229.616",
      "prepay": {
        "rate": "0",
        "type": "CPR"
      },
      "floaterSettings": {},
      "settlementDate": "2026-07-20"
    }
  ],
  "globalSettings": {
    "pricingDate": "2026-07-07",
    "volatility": {
      "type": "Default"
    }
  }
}

START-OF-FILE
RUNDATE=20260623


#  Calypso Request File (Generated: 06/23/26 8:00:00.000 PM GMT)

#  Request Header
VOL_SURFACE=yes
CLOSINGVALUES=yes
REPORT=yes
PROGRAMFLAG=oneshot
FIRMNAME=MTB
REPLYFILENAME=MQu_YBkCflowUpldr.out
HISTORICAL=yes
DERIVED=yes
SECMASTER=yes
PROGRAMNAME=getdata
DATEFORMAT=mmddyyyy

#  Request Fields
START-OF-FIELDS
ID_CUSIP
MARKET_SECTOR_DES
MTG_CASH_FLOW
CALYPSO-UPDNAME_YBkCflowUpldr
END-OF-FIELDS

#  Request Data
TIMESTARTED=Tue Jun 23 16:00:00 EDT 2026
START-OF-DATA
36179NND6|0|4|36179NND6|Mtge|;2;171;6;2;1;5;07/20/2026;2;5.000;2;59583.95;2;55845.18;2;14244292.04;2;2;5;08/20/2026;2;5.000;2;59351.15;2;56095.15;2;14188197.04;2;3;5;09/20/2026;2;5.000;2;59117.48;2;56346.12;2;14131850.78;2;4;5;10/20/2026;2;5.000;2;58882.67;2;56598.37;2;14075252.41;2;5;5;11/20/2026;2;5.000;2;58646.86;2;56851.77;2;14018400.78;2;6;5;12/20/2026;2;5.000;2;58410.05;2;57106.17;2;13961294.61;2;7;5;01/20/2027;2;5.000;2;58172.10;2;57361.71;2;13903932.76;2;8;5;02/20/2027;2;5.000;2;57933.00;2;57618.54;2;13846314.36;2;9;5;03/20/2027;2;5.000;2;57693.05;2;57876.37;2;13788437.84;2;10;5;04/20/2027;2;5.000;2;57451.80;2;58135.49;2;13730302.49;2;11;5;05/20/2027;2;5.000;2;57209.56;2;58395.61;2;13671906.88;2;12;5;06/20/2027;2;5.000;2;56966.31;2;58657.02;2;13613249.87;2;13;5;07/20/2027;2;5.000;2;56721.92;2;58919.57;2;13554330.30;2;14;5;08/20/2027;2;5.000;2;56476.39;2;59183.26;2;13495147.03;2;15;5;09/20/2027;2;5.000;2;56229.71;2;59448.10;2;13435698.93;2;16;5;10/20/2027;2;5.000;2;55982.03;2;59714.23;2;13375984.56;2;17;5;11/20/2027;2;5.000;2;55733.21;2;59981.50;2;13316003.07;2;18;5;12/20/2027;2;5.000;2;55483.39;2;60249.91;2;13255753.16;2;19;5;01/20/2028;2;5.000;2;55232.28;2;60519.61;2;13195233.55;2;20;5;02/20/2028;2;5.000;2;54980.17;2;60790.46;2;13134442.95;2;21;5;03/20/2028;2;5.000;2;54726.91;2;61062.59;2;13073380.36;2;22;5;04/20/2028;2;5.000;2;54472.37;2;61335.86;2;13012044.50;2;23;5;05/20/2028;2;5.000;2;54216.83;2;61610.43;2;12950434.07;2;24;5;06/20/2028;2;5.000;2;53960.14;2;61886.13;2;12888547.80;2;25;5;07/20/2028;2;5.000;2;53702.31;2;62163.13;2;12826384.67;2;26;5;08/20/2028;2;5.000;2;53443.33;2;62441.41;2;12763943.27;2;27;5;09/20/2028;2;5.000;2;53183.07;2;62720.83;2;12701222.29;2;28;5;10/20/2028;2;5.000;2;52921.80;2;63001.69;2;12638220.75;2;29;5;11/20/2028;2;5.000;2;52659.25;2;63283.54;2;12574937.07;2;30;5;12/20/2028;2;5.000;2;52395.56;2;63566.83;2;12511370.24;2;31;5;01/20/2029;2;5.000;2;52130.72;2;63851.40;2;12447518.84;2;32;5;02/20/2029;2;5.000;2;51864.60;2;64137.12;2;12383381.72;2;33;5;03/20/2029;2;5.000;2;51597.47;2;64424.26;2;12318957.46;2;34;5;04/20/2029;2;5.000;2;51329.06;2;64712.55;2;12254244.90;2;35;5;05/20/2029;2;5.000;2;51059.35;2;65002.27;2;12189242.63;2;36;5;06/20/2029;2;5.000;2;50788.51;2;65293.14;2;12123949.49;2;37;5;07/20/2029;2;5.000;2;50516.52;2;65585.43;2;12058364.06;2;38;5;08/20/2029;2;5.000;2;50243.25;2;65879.02;2;11992485.04;2;39;5;09/20/2029;2;5.000;2;49968.68;2;66173.88;2;11926311.30;2;40;5;10/20/2029;2;5.000;2;49692.98;2;66470.04;2;11859841.26;2;41;5;11/20/2029;2;5.000;2;49415.98;2;66767.48;2;11793073.77;2;42;5;12/20/2029;2;5.000;2;49137.85;2;67066.36;2;11726007.42;2;43;5;01/20/2030;2;5.000;2;48858.42;2;67366.52;2;11658640.90;2;44;5;02/20/2030;2;5.000;2;48577.71;2;67668.11;2;11590972.79;2;45;5;03/20/2030;2;5.000;2;48295.71;2;67970.98;2;11523001.95;2;46;5;04/20/2030;2;5.000;2;48012.57;2;68275.15;2;11454726.81;2;47;5;05/20/2030;2;5.000;2;47727.99;2;68580.74;2;11386146.07;2;48;5;06/20/2030;2;5.000;2;47442.28;2;68887.62;2;11317258.30;2;49;5;07/20/2030;2;5.000;2;47155.27;2;69196.08;2;11248062.37;2;50;5;08/20/2030;2;5.000;2;46866.98;2;69505.67;2;11178556.55;2;51;5;09/20/2030;2;5.000;2;46577.26;2;69816.84;2;11108739.71;2;52;5;10/20/2030;2;5.000;2;46286.40;2;70129.30;2;11038610.40;2;53;5;11/20/2030;2;5.000;2;45994.25;2;70443.19;2;10968167.21;2;54;5;12/20/2030;2;5.000;2;45700.66;2;70758.51;2;10897408.70;2;55;5;01/20/2031;2;5.000;2;45405.94;2;71075.26;2;10826333.59;2;56;5;02/20/2031;2;5.000;2;45109.78;2;71393.29;2;10754940.30;2;57;5;03/20/2031;2;5.000;2;44812.20;2;71712.90;2;10683227.40;2;58;5;04/20/2031;2;5.000;2;44513.47;2;72033.80;2;10611193.60;2;59;5;05/20/2031;2;5.000;2;44213.31;2;72356.26;2;10538837.34;2;60;5;06/20/2031;2;5.000;2;43911.86;2;72680.16;2;10466157.18;2;61;5;07/20/2031;2;5.000;2;43608.98;2;73005.35;2;10393151.83;2;62;5;08/20/2031;2;5.000;2;43304.82;2;73332.10;2;10319819.58;2;63;5;09/20/2031;2;5.000;2;42999.23;2;73660.44;2;10246159.15;2;64;5;10/20/2031;2;5.000;2;42692.34;2;73990.05;2;10172169.09;2;65;5;11/20/2031;2;5.000;2;42384.03;2;74321.25;2;10097847.85;2;66;5;12/20/2031;2;5.000;2;42074.44;2;74653.87;2;10023193.98;2;67;5;01/20/2032;2;5.000;2;41763.26;2;74988.06;2;9948205.92;2;68;5;02/20/2032;2;5.000;2;41450.81;2;75323.68;2;9872882.24;2;69;5;03/20/2032;2;5.000;2;41137.06;2;75660.74;2;9797221.50;2;70;5;04/20/2032;2;5.000;2;40821.74;2;75999.51;2;9721221.99;2;71;5;05/20/2032;2;5.000;2;40505.14;2;76339.57;2;9644882.42;2;72;5;06/20/2032;2;5.000;2;40186.96;2;76681.34;2;9568201.08;2;73;5;07/20/2032;2;5.000;2;39867.50;2;77024.54;2;9491176.54;2;74;5;08/20/2032;2;5.000;2;39546.60;2;77369.32;2;9413807.36;2;75;5;09/20/2032;2;5.000;2;39224.13;2;77715.53;2;9336091.84;2;76;5;10/20/2032;2;5.000;2;38900.38;2;78063.45;2;9258028.39;2;77;5;11/20/2032;2;5.000;2;38575.05;2;78412.80;2;9179615.59;2;78;5;12/20/2032;2;5.000;2;38248.43;2;78763.73;2;9100851.86;2;79;5;01/20/2033;2;5.000;2;37920.25;2;79116.22;2;9021735.64;2;80;5;02/20/2033;2;5.000;2;37590.63;2;79470.44;2;8942265.20;2;81;5;03/20/2033;2;5.000;2;37259.44;2;79826.08;2;8862439.12;2;82;5;04/20/2033;2;5.000;2;36926.82;2;80183.44;2;8782255.67;2;83;5;05/20/2033;2;5.000;2;36592.76;2;80542.23;2;8701713.44;2;84;5;06/20/2033;2;5.000;2;36257.14;2;80902.74;2;8620810.70;2;85;5;07/20/2033;2;5.000;2;35920.09;2;81264.82;2;8539545.73;2;86;5;08/20/2033;2;5.000;2;35581.46;2;81628.62;2;8457917.26;2;87;5;09/20/2033;2;5.000;2;35241.26;2;81993.98;2;8375923.28;2;88;5;10/20/2033;2;5.000;2;34899.63;2;82360.93;2;8293562.35;2;89;5;11/20/2033;2;5.000;2;34556.57;2;82729.58;2;8210832.77;2;90;5;12/20/2033;2;5.000;2;34211.79;2;83099.81;2;8127732.81;2;91;5;01/20/2034;2;5.000;2;33865.58;2;83471.76;2;8044261.05;2;92;5;02/20/2034;2;5.000;2;33517.81;2;83845.42;2;7960415.63;2;93;5;03/20/2034;2;5.000;2;33168.45;2;84220.66;2;7876194.97;2;94;5;04/20/2034;2;5.000;2;32817.53;2;84597.61;2;7791597.22;2;95;5;05/20/2034;2;5.000;2;32465.03;2;84976.28;2;7706620.94;2;96;5;06/20/2034;2;5.000;2;32110.96;2;85356.66;2;7621264.43;2;97;5;07/20/2034;2;5.000;2;31755.31;2;85738.62;2;7535525.66;2;98;5;08/20/2034;2;5.000;2;31397.95;2;86122.43;2;7449403.23;2;99;5;09/20/2034;2;5.000;2;31039.16;2;86507.97;2;7362895.41;2;100;5;10/20/2034;2;5.000;2;30678.80;2;86895.07;2;7276000.34;2;101;5;11/20/2034;2;5.000;2;30316.72;2;87284.03;2;7188716.31;2;102;5;12/20/2034;2;5.000;2;29952.92;2;87674.71;2;7101041.59;2;103;5;01/20/2035;2;5.000;2;29587.70;2;88067.11;2;7012974.48;2;104;5;02/20/2035;2;5.000;2;29220.76;2;88461.22;2;6924513.26;2;105;5;03/20/2035;2;5.000;2;28852.10;2;88857.19;2;6835655.93;2;106;5;04/20/2035;2;5.000;2;28481.87;2;89254.88;2;6746401.05;2;107;5;05/20/2035;2;5.000;2;28110.07;2;89654.42;2;6656746.62;2;108;5;06/20/2035;2;5.000;2;27736.40;2;90055.69;2;6566690.94;2;109;5;07/20/2035;2;5.000;2;27361.17;2;90458.81;2;6476232.13;2;110;5;08/20/2035;2;5.000;2;26984.36;2;90863.64;2;6385368.49;2;111;5;09/20/2035;2;5.000;2;26605.69;2;91270.34;2;6294098.15;2;112;5;10/20/2035;2;5.000;2;26225.45;2;91678.89;2;6202419.40;2;113;5;11/20/2035;2;5.000;2;25843.35;2;92089.17;2;6110330.09;2;114;5;12/20/2035;2;5.000;2;25459.68;2;92501.30;2;6017828.79;2;115;5;01/20/2036;2;5.000;2;25074.29;2;92915.43;2;5924913.36;2;116;5;02/20/2036;2;5.000;2;24687.18;2;93331.28;2;5831582.09;2;117;5;03/20/2036;2;5.000;2;24298.22;2;93748.98;2;5737833.11;2;118;5;04/20/2036;2;5.000;2;23907.68;2;94168.55;2;5643664.56;2;119;5;05/20/2036;2;5.000;2;23515.29;2;94590.12;2;5549074.44;2;120;5;06/20/2036;2;5.000;2;23121.18;2;95013.40;2;5454061.04;2;121;5;07/20/2036;2;5.000;2;22725.21;2;95438.69;2;5358622.35;2;122;5;08/20/2036;2;5.000;2;22327.66;2;95865.83;2;5262756.38;2;123;5;09/20/2036;2;5.000;2;21928.12;2;96294.98;2;5166461.40;2;124;5;10/20/2036;2;5.000;2;21526.85;2;96725.99;2;5069735.56;2;125;5;11/20/2036;2;5.000;2;21123.88;2;97158.85;2;4972576.56;2;126;5;12/20/2036;2;5.000;2;20719.04;2;97593.72;2;4874982.85;2;127;5;01/20/2037;2;5.000;2;20312.49;2;98030.59;2;4776952.26;2;128;5;02/20/2037;2;5.000;2;19903.93;2;98469.31;2;4678482.94;2;129;5;03/20/2037;2;5.000;2;19493.66;2;98910.05;2;4579572.90;2;130;5;04/20/2037;2;5.000;2;19081.53;2;99352.78;2;4480220.12;2;131;5;05/20/2037;2;5.000;2;18667.54;2;99797.51;2;4380422.61;2;132;5;06/20/2037;2;5.000;2;18251.69;2;100244.10;2;4280178.51;2;133;5;07/20/2037;2;5.000;2;17834.13;2;100692.84;2;4179485.66;2;134;5;08/20/2037;2;5.000;2;17414.56;2;101143.44;2;4078342.22;2;135;5;09/20/2037;2;5.000;2;16993.14;2;101596.18;2;3976746.04;2;136;5;10/20/2037;2;5.000;2;16569.71;2;102050.93;2;3874694.97;2;137;5;11/20/2037;2;5.000;2;16144.57;2;102507.67;2;3772187.29;2;138;5;12/20/2037;2;5.000;2;15717.42;2;102966.57;2;3669220.87;2;139;5;01/20/2038;2;5.000;2;15288.42;2;103427.32;2;3565793.56;2;140;5;02/20/2038;2;5.000;2;14857.41;2;103890.35;2;3461903.20;2;141;5;03/20/2038;2;5.000;2;14424.55;2;104355.25;2;3357547.95;2;142;5;04/20/2038;2;5.000;2;13989.82;2;104822.29;2;3252725.51;2;143;5;05/20/2038;2;5.000;2;13552.96;2;105291.48;2;3147434.03;2;144;5;06/20/2038;2;5.000;2;13114.37;2;105762.81;2;3041671.22;2;145;5;07/20/2038;2;5.000;2;12673.64;2;106236.15;2;2935435.07;2;146;5;08/20/2038;2;5.000;2;12231.05;2;106711.63;2;2828723.44;2;147;5;09/20/2038;2;5.000;2;11786.32;2;107189.25;2;2721534.05;2;148;5;10/20/2038;2;5.000;2;11339.72;2;107669.02;2;2613865.03;2;149;5;11/20/2038;2;5.000;2;10891.13;2;108150.94;2;2505714.09;2;150;5;12/20/2038;2;5.000;2;10440.53;2;108635.00;2;2397079.09;2;151;5;01/20/2039;2;5.000;2;9987.79;2;109121.20;2;2287957.89;2;152;5;02/20/2039;2;5.000;2;9533.19;2;109609.69;2;2178348.20;2;153;5;03/20/2039;2;5.000;2;9076.44;2;110100.33;2;2068247.87;2;154;5;04/20/2039;2;5.000;2;8617.69;2;110593.11;2;1957654.89;2;155;5;05/20/2039;2;5.000;2;8156.94;2;111088.04;2;1846566.85;2;156;5;06/20/2039;2;5.000;2;7694.05;2;111585.26;2;1734981.59;2;157;5;07/20/2039;2;5.000;2;7229.15;2;112084.76;2;1622896.83;2;158;5;08/20/2039;2;5.000;2;6762.11;2;112586.41;2;1510310.42;2;159;5;09/20/2039;2;5.000;2;6292.92;2;113090.35;2;1397220.22;2;160;5;10/20/2039;2;5.000;2;5821.73;2;113596.43;2;1283623.79;2;161;5;11/20/2039;2;5.000;2;5348.39;2;114104.94;2;1169518.85;2;162;5;12/20/2039;2;5.000;2;4873.06;2;114615.60;2;1054903.25;2;163;5;01/20/2040;2;5.000;2;4395.43;2;115128.55;2;939774.56;2;164;5;02/20/2040;2;5.000;2;3915.66;2;115643.92;2;824130.64;2;165;5;03/20/2040;2;5.000;2;3433.89;2;116161.44;2;707969.19;2;166;5;04/20/2040;2;5.000;2;2949.83;2;116681.40;2;591287.79;2;167;5;05/20/2040;2;5.000;2;2463.63;2;117203.64;2;474084.16;2;168;5;06/20/2040;2;5.000;2;1975.42;2;117728.31;2;356355.84;2;169;5;07/20/2040;2;5.000;2;1484.78;2;118255.13;2;238100.57;2;170;5;08/20/2040;2;5.000;2;992.14;2;118784.52;2;119316.20;2;171;5;09/20/2040;2;5.001;2;497.22;2;119316.20;2;0.00;|FLD UNKNOWN|
