																						Model Calcs																	Indic Calcs							Shock Scenarios																	
									Original Balance	Current Balance	Can we make this just for one month?	Book Value	Market Value	Book Price	Market Price	MTM												Partial Durations																		-300			-200			-100			+100			+200			+300		
Book	Position ID	CUSIP	Sub Type	PRODUCT_CODE_2052a_Collateral_Class	Issuer	Current Factor	Coupon	Maturity Date	Nominal	CA_NOTIONAL	TOTAL_PAYDOWN_BOOK_VALUE	MTB_BOOK VALUE (Clean)	PV_NET (MV Clean)	MTB_BOOK PRICE (Clean)	PRICE (Mkt)	NPV_DISC (Clean MTM)	Curve Date	Prepay Model	Prepay Rate	Vol Model	Curve Type	Forward Yield	Prospective Yield	Effective Duration	Effective Convexity	Effective DV01	Dollar Duration	1YR	2YR	3YR	5YR	10YR	20YR	30YR	Average Life	LT CPR	OAS	Z-Spread	Factor	Life CPR	GWAC	WALA	WALS	MaxServicerName	MaxServicerPercent	Eff. Dur	DV01	Dollar Return	Eff. Dur	DV01	Dollar Return	Eff. Dur	DV01	Dollar Return	Eff. Dur	DV01	Dollar Return	Eff. Dur	DV01	Dollar Return	Eff. Dur	DV01	Dollar Return
233_PUB_HTM	612346	000416V38	MUNI	IG-2	ABC CA UNIF SCH DIST		3	8/1/2036	 580,000 	 580,000 	 -   	579952.61	554108.86	99.9918	95.53601	-25843.75	6/30/2026	Muni	100	Single	RFRSwap	3.53	3.00	6.47	-0.72	0.063	 363 	-0.01	-0.01	0.66	0.80	4.99	0.04	0.00	6.6	0.0	-87.3	-49	0.00	0.00	0.00	0.00	0.00	0.00	0.00	2.98	0.03	18.73	3.02	0.03	15.34	3.85	0.04	11.69	6.62	0.06	0.65	7.29	0.07	-5.94	7.61	0.06	-12.48
233_PUB_HTM	611322	005104HJ6	MUNI	IG-2	ACUSHNET MA	1	3.5	8/1/2034	935000	 935,000 	 -   	935000	935143.24	100	100.01532	143.24	6/30/2026	Muni	100	Single	RFRSwap	3.50	3.50	0.98	-3.28	0.010	 93 	0.32	0.12	0.12	0.43	0.26	0.00	0.00	1.1	0.0	-152.7	-60	0.00	0.00	0.00	0.00	0.00	0.00	0.00	0.04	0.00	0.46	0.08	0.00	0.41	0.09	0.00	0.32	0.09	0.00	0.14	3.58	0.04	-1.76	4.97	0.05	-6.06
AFS	614707	3132WWYD8	Agency CMBS	G-2-Q	FREDDIE MAC	0.86640763	3.6	4/1/2030	2300000	 1,992,738 	 39,656.01 	1940559.32	1934631.96	97.3816	97.0841325	-5927.35	6/30/2026	CPY	0	LMMSOFRFLAT	RFRSwap	4.49	4.40	3.33	0.15	0.032	 646 	0.03	0.04	1.94	1.32	0.00	0.00	0.00	3.7	NA	55.3	52	0.87	0.00	5.19	146.00	28789672.00	NA	NA	3.45	0.04	10.43	3.41	0.04	6.79	3.37	0.03	3.32	3.29	0.03	-3.17	3.25	0.03	-6.21	3.22	0.03	-9.11
HTM	613432	3132XFJ25	Agency CMBS	G-2-Q	FREDDIE MAC	1	3.85	9/1/2032	15714000	 15,714,000 	 -   	15525137.66	15127554.48	98.7981	96.2680061	-397583.18	6/30/2026	CPY	0	LMMSOFRFLAT	RFRSwap	4.59	4.12	5.39	0.37	0.052	 8,186 	0.01	0.00	0.00	4.05	1.33	0.00	0.00	6.2	NA	65.5	63	1.00	0.00	4.38	45.00	NA	NA	NA	5.62	0.06	17.35	5.55	0.06	11.16	5.47	0.06	5.39	5.32	0.05	-5.04	5.25	0.05	-9.75	5.17	0.04	-14.15
PUB_HTM	613580	3136BDL55	Agency CMO	G-3-Q	FANNIE MAE	0.74148433	1.25	2/1/2051	100000000	 74,148,433 	 4,258,793.27 	66569013.84	56890400.05	89.778	76.72502	-9678613.79	6/30/2026	Model2501	100	LMMSOFRFLAT	RFRSwap	4.57	2.54	8.39	0.30	0.064	 47,813 	0.03	0.06	0.18	0.99	3.61	3.27	0.28	9.5	4.6	27.7	48	0.74	3.00	#SPILL!	#SPILL!	#SPILL!	#SPILL!	#SPILL!	6.10	0.06	19.39	7.24	0.07	13.12	7.92	0.07	6.54	8.71	0.06	-6.32	8.78	0.06	-12.24	8.57	0.05	-17.61
PUB_HTM	614461	3136BDM39	Agency CMO	G-3-Q	FANNIE MAE	0.72561206	1.5	2/1/2051	50000000	 36,280,603 	 2,257,049.43 	32919501.12	27236269.53	90.7358	75.07116	-5683231.59	6/30/2026	Model2501	100	LMMSOFRFLAT	RFRSwap	5.03	2.63	8.53	0.44	0.064	 23,257 	0.03	0.06	0.18	0.97	3.61	3.39	0.33	9.8	4.2	73.7	95	0.73	3.42	2.89	66.00	568400.56	#SPILL!	#SPILL!	6.18	0.06	19.36	7.43	0.07	13.12	8.06	0.07	6.53	8.75	0.06	-6.23	8.74	0.06	-12.03	8.46	0.05	-17.24
PUB_AFS	614378	3140J8FS7	Agency MBS 10yr	G-2-Q	FANNIE MAE	0.04175572	2.5	4/1/2028	30000000	 1,252,672 	 1,256,041.12 	1247413.58	1234634.78	99.5803	98.5601317	-12778.8	6/30/2026	Model2501	100	LMMSOFRFLAT	RFRSwap	4.42	2.89	0.68	0.00	0.007	 84 	0.58	0.09	0.00	0.01	0.00	0.00	0.00	0.7	23.4	41.4	45	0.04	15.60	3.08	102.00	34518.23	NA	NA	0.67	0.01	2.02	0.67	0.01	1.34	0.68	0.01	0.67	0.69	0.01	-0.67	0.69	0.01	-1.35	0.70	0.01	-2.02
PUB_AFS	613594	3140J9JQ5	Agency MBS 10yr	G-2-Q	FANNIE MAE	0.0306005	3.5	11/1/2028	8829621	 270,191 	 237,669.44 	271853.95	268028.09	100.6155	99.1995547	-3825.85	6/30/2026	Model2501	100	LMMSOFRFLAT	RFRSwap	4.26	2.45	0.78	0.00	0.008	 21 	0.57	0.21	0.00	0.00	0.00	0.00	0.00	0.8	25.8	24.1	26	0.03	16.66	4.07	98.00	30393.27	NA	NA	0.75	0.01	2.33	0.77	0.01	1.56	0.78	0.01	0.78	0.79	0.01	-0.78	0.80	0.01	-1.56	0.82	0.01	-2.35
AFS	613289	3128MD3G6	Agency MBS 15yr	G-2-Q	FREDDIE MAC	0.03353982	2.5	9/1/2028	307004965	 10,296,891 	 8,166,531.60 	10311328.14	10130248.2	100.1402	98.3816177	 (181,079.94)	6/30/2026	Model2501	100	LMMSOFRFLAT	RFRSwap	4.46	2.21	0.80	-0.01	0.008	 813 	0.57	0.22	0.00	0.02	0.00	0.00	0.00	0.8	19.7	43.9	47	0.03	11.86	2.97	157.00	17599.70	NA	NA	0.77	0.01	2.35	0.78	0.01	1.57	0.79	0.01	0.79	0.82	0.01	-0.79	0.83	0.01	-1.60	0.82	0.01	-2.40
AFS	613820	3128MD3H4	Agency MBS 15yr	G-2-Q	FREDDIE MAC	0.02933802	2.5	7/1/2028	184796697	 5,421,569 	 5,064,106.70 	5430453.32	5339217.79	100.1639	98.4810412	 (91,235.53)	6/30/2026	Model2501	100	LMMSOFRFLAT	RFRSwap	4.40	2.17	0.77	0.00	0.008	 413 	0.57	0.18	0.00	0.01	0.00	0.00	0.00	0.8	18.8	37.6	41	0.03	12.52	2.94	158.00	20101.23	NA	NA	0.75	0.01	2.28	0.76	0.01	1.52	0.76	0.01	0.76	0.79	0.01	-0.77	0.79	0.01	-1.54	0.79	0.01	-2.30
PUB_HTM	613144	3128P8B67	Agency MBS 20yr	G-2-Q	FREDDIE MAC	0.1249254	3	1/1/2036	14000000	 1,748,956 	 306,622.50 	1748337.89	1655275.21	99.9647	94.6436381	-93062.68	6/30/2026	Model2501	100	LMMSOFRFLAT	RFRSwap	4.73	2.99	3.18	0.03	0.030	 527 	0.18	0.27	0.60	1.54	0.58	0.01	0.00	3.5	9.4	72.9	52	0.12	13.56	3.77	127.00	107451.99	NA	NA	2.18	0.02	8.61	2.84	0.03	6.00	3.09	0.03	3.02	3.28	0.03	-3.01	3.45	0.03	-6.05	3.49	0.03	-9.09
PUB_HTM	613806	3128P8B91	Agency MBS 20yr	G-2-Q	FREDDIE MAC	0.13316525	3	2/1/2036	10000000	 1,331,653 	 234,871.13 	1331187.91	1259220.48	99.9651	94.5607414	-71967.43	6/30/2026	Model2501	100	LMMSOFRFLAT	RFRSwap	4.73	2.99	3.22	0.03	0.031	 407 	0.17	0.27	0.59	1.55	0.63	0.01	0.00	3.6	9.4	72.9	52	0.13	13.20	3.80	126.00	112946.66	NA	NA	2.21	0.02	8.73	2.88	0.03	6.08	3.13	0.03	3.07	3.34	0.03	-3.05	3.51	0.03	-6.14	3.56	0.03	-9.24
AFS	614792	31287TTT2	Agency MBS 30yr	G-2-Q	FREDDIE MAC	0.00817359	6.5	6/1/2032	2212800	 18,087 	 4,204.19 	19074.01	18735.73	105.4598	103.5894635	 (338.28)	6/30/2026	Model2501	100	LMMSOFRFLAT	RFRSwap	4.51	3.55	1.83	0.05	0.019	 3 	0.30	0.43	0.78	0.33	0.00	0.00	0.00	2.0	11.2	53.6	40	0.01	14.77	7.00	290.00	18086.52	NA	NA	1.81	0.02	5.89	1.83	0.02	3.90	1.84	0.02	1.93	1.81	0.02	-1.88	1.79	0.02	-3.70	1.79	0.02	-5.48
AFS	612885	31288ED61	Agency MBS 30yr	G-2-Q	FREDDIE MAC	0.01536139	5.5	11/1/2032	3203315	 49,207 	 7,847.73 	51786.31	49438.92	105.241	100.4705605	 (2,347.39)	6/30/2026	Model2501	100	LMMSOFRFLAT	RFRSwap	5.24	3.08	2.11	0.04	0.021	 10 	0.26	0.38	0.74	0.72	0.01	0.00	0.00	2.4	11.0	125.1	111	0.02	12.79	5.88	285.00	49207.37	NA	NA	1.94	0.02	6.42	2.03	0.02	4.31	2.10	0.02	2.15	2.12	0.02	-2.11	2.11	0.02	-4.18	2.11	0.02	-6.20
AFS	613772	31288Q6G0	Agency MBS ARM	G-2-Q	FREDDIE MAC	0.61480674	4.304	7/1/2054	26433638	 16,251,579 	 4,675,110.10 	16204268.03	16136199.05	99.7089	99.2900397	-68068.99	6/30/2026	Model2501	100	LMMSOFRFLAT	RFRSwap	4.98	4.85	2.25	-0.49	0.022	 3,647 	0.18	0.47	0.92	0.90	-0.12	-0.10	-0.05	3.8	22.9	79.5	90	0.61	20.34	4.94	38.00	416916.84	#SPILL!	#SPILL!	1.05	0.01	3.96	0.83	0.01	3.06	1.52	0.02	1.93	2.71	0.03	-2.45	3.11	0.03	-5.25	3.55	0.03	-8.33
AFS	613617	31288QWN6	Agency MBS ARM	G-2-Q	FREDDIE MAC	0.69158188	4.378	2/1/2053	28850491	 19,952,477 	 3,248,210.22 	19607022.84	19842257.01	98.2686	99.4475884	 235,234.16 	6/30/2026	Model2501	100	LMMSOFRFLAT	RFRSwap	4.96	5.34	2.14	-0.40	0.021	 4,259 	0.18	0.37	1.27	0.56	-0.15	-0.11	-0.05	3.8	23.2	80.5	87	0.69	9.23	5.00	44.00	370111.16	#SPILL!	#SPILL!	1.06	0.01	3.97	0.86	0.01	3.04	1.52	0.02	1.88	2.51	0.02	-2.30	2.83	0.03	-4.88	3.21	0.03	-7.69
PUB_HTM	613575	3133N3W91	Agency MBS Other	G-2-Q	FREDDIE MAC	0.60602746	2	11/1/2050	39199446	 23,755,941 	 1,426,151.30 	22052149.95	18632020.97	92.8279	78.4309963	-3420128.98	6/30/2026	Model2501	100	LMMSOFRFLAT	RFRSwap	5.32	2.96	7.86	0.09	0.062	 14,678 	0.05	0.07	0.19	1.09	3.48	2.75	0.27	9.0	5.2	101.6	88	0.61	6.20	2.91	69.00	537430.25	NA	NA	5.01	0.05	17.81	6.44	0.06	12.31	7.29	0.06	6.18	8.22	0.06	-6.09	8.36	0.06	-11.88	8.15	0.05	-17.18
PUB_HTM	613637	3133N3XM1	Agency MBS Other	G-2-Q	FREDDIE MAC	0.71895097	1.5	12/1/2050	88439269	 63,583,498 	 3,081,782.61 	57011016.64	47407342.72	89.6632	74.5591923	-9603673.91	6/30/2026	Model2501	100	LMMSOFRFLAT	RFRSwap	5.37	2.85	8.33	0.42	0.062	 39,542 	0.04	0.06	0.16	1.04	3.69	3.05	0.33	9.2	4.9	106.9	93	0.72	3.28	2.55	68.00	545026.63	NA	NA	6.23	0.06	18.87	7.23	0.06	12.73	7.83	0.06	6.30	8.57	0.06	-6.05	8.61	0.05	-11.72	8.31	0.05	-16.84
PUB_HTM	613575	3133N3W91	Agency MBS Other	G-2-Q	FREDDIE MAC	0.60602746	2	11/1/2050	39199446	 23,755,941 	 1,426,151.30 	22052149.95	18632020.97	92.8279	78.4309963	-3420128.98	6/30/2026	Model2501	100	LMMSOFRFLAT	RFRSwap	5.32	2.96	7.86	0.09	0.062	 14,678 	0.05	0.07	0.19	1.09	3.48	2.75	0.27	9.0	5.2	101.6	88	0.61	6.20	2.91	69.00	537430.25	NA	NA	5.01	0.05	17.81	6.44	0.06	12.31	7.29	0.06	6.18	8.22	0.06	-6.09	8.36	0.06	-11.88	8.15	0.05	-17.18
PUB_HTM	613637	3133N3XM1	Agency MBS Other	G-2-Q	FREDDIE MAC	0.71895097	1.5	12/1/2050	88439269	 63,583,498 	 3,081,782.61 	57011016.64	47407342.72	89.6632	74.5591923	-9603673.91	6/30/2026	Model2501	100	LMMSOFRFLAT	RFRSwap	5.37	2.85	8.33	0.42	0.062	 39,542 	0.04	0.06	0.16	1.04	3.69	3.05	0.33	9.2	4.9	106.9	93	0.72	3.28	2.55	68.00	545026.63	NA	NA	6.23	0.06	18.87	7.23	0.06	12.73	7.83	0.06	6.30	8.57	0.06	-6.05	8.61	0.05	-11.72	8.31	0.05	-16.84
APT_AFS	817613	912797TP2	Treasuries	A-1-Q	TREASURY BILL		0	46226	1285000	1285000	0	1282213.44	1282182.16	99.7831	99.780713	-31.28	6/30/2026	Default	Default	Default	RFRSwap	3.458972	3.421238	0.064811401	0.000206684	0.000646693	 8 	0.0648	0	0	0	0	0	0	0.0639	0	-38.5825	-38.58249	0	0	0	0	0	0	0	0.0653	0.000652933	0.1949412	0.0651	0.000650841	0.12975258	0.065	0.000648761	0.06477258	0.0646	0.000644636	-0.06456635	0.0645	0.000642592	-0.12892765	0.0643	0.000640559	-0.19308506
PUB_HTM	611874	912828Z78	Treasuries	A-1-Q	UNITED STATES TREASURY		1.5	46418	50000000	50000000	0	49728094.02	49281250	99.4562	98.5625	-446844.02	6/30/2026	Default	Default	Default	RFRSwap	4.006162	2.439748	0.576541245	0.006810518	0.005718369	 2,859 	0.5765	0	0	0	0	0	0	0.5833	0	4.7868	4.78678	0	0	0	0	0	0	0	0.5872	0.00592665	1.74646376	0.5836	0.005855951	1.15734594	0.58	0.005786534	0.57523359	0.5731	0.005651425	-0.56847841	0.5697	0.005585672	-1.13032223	0.5663	0.005521082	-1.68564914
PUB_HTM	610758	3136BDZA9	Structured Agency CMBS	G-3-Q	FANNIE MAE	1	1.465	2/1/2031	58881000	 58,881,000 	 -   	55351133.88	51768245.86	94.0051	87.92012	-3582888.02	6/30/2026	CPY	0	LMMSOFRFLAT	RFRSwap	4.51	2.92	4.18	0.22	0.037	 21,651 	-0.02	-0.01	0.97	3.23	0.00	0.00	0.00	4.4	NA	58.7	56	1.00	1.07	3.00	66.00	NA	NA	NA	4.31	0.04	11.95	4.27	0.04	7.76	4.22	0.04	3.78	4.13	0.03	-3.58	4.09	0.03	-6.98	4.05	0.03	-10.21
PUB_HTM	610769	3136BF4D2	Structured Agency CMBS	G-3-Q	FANNIE MAE	1	1.50544	3/1/2031	28288684	 28,288,684 	 -   	26759447.11	24682001.26	94.5942	87.25044	-2077445.84	6/30/2026	CPY	0	LMMSOFRFLAT	RFRSwap	4.53	2.70	4.39	0.24	0.038	 10,846 	-0.02	-0.04	0.63	3.82	0.00	0.00	0.00	4.7	NA	60.9	58	1.00	0.32	2.98	63.00	NA	NA	NA	4.53	0.05	12.50	4.48	0.04	8.10	4.43	0.04	3.94	4.34	0.04	-3.73	4.30	0.03	-7.27	4.25	0.03	-10.62
