																						Model Calcs																	Indic Calcs							Shock Scenarios											
									Original Balance	Current Balance	Can we make this just for one month?	Book Value	Market Value	Book Price	Market Price	MTM												Partial Durations																		-200			-100			+100			+200		
Book	Position ID	CUSIP	Sub Type	PRODUCT_CODE_2052a_Collateral_Class	Issuer	Current Factor	Coupon	Maturity Date	Nominal	CA_NOTIONAL	TOTAL_PAYDOWN_BOOK_VALUE	MTB_BOOK VALUE (Clean)	PV_NET (MV Clean)	MTB_BOOK PRICE (Clean)	PRICE (Mkt)	NPV_DISC (Clean MTM)	Curve Date	Prepay Model	Prepay Rate	Vol Model	Curve Type	Forward Yield	Prospective Yield	Effective Duration	Effective Convexity	Effective DV01	Dollar Duration	1YR	2YR	3YR	5YR	10YR	20YR	30YR	Average Life	LT CPR	OAS	Z-Spread	Factor	Life CPR	GWAC	WALA	WALS	MaxServicerName	MaxServicerPercent	Eff. Dur	DV01	Dollar Return	Eff. Dur	DV01	Dollar Return	Eff. Dur	DV01	Dollar Return	Eff. Dur	DV01	Dollar Return
AFS	614707	3132WWYD8	Agency CMBS	G-2-Q	FREDDIE MAC	0.86942033	3.6	4/1/2030	2300000	 1,999,667 	 32,945.62 	1945469.78	1950256.34	97.2897	97.5290671	 4,786.56 	4/30/2026	CPY	0	LMMSOFRFLAT	RFRSwap	4.33	4.40	3.47	0.16	0.034	 679 	0.03	0.04	1.75	1.64	0.00	0.00	0.00	3.8	NA	61	58	0.87	0.0	5.19	144	 28,789,672 	NA	NA	3.56	0.04	7.12	3.51	0.04	3.47	3.43	0.03	-3.31	3.38	0.03	-6.48
HTM	613432	3132XFJ25	Agency CMBS	G-2-Q	FREDDIE MAC	1	3.85	9/1/2032	15714000	 15,714,000 	 -   	15521652.78	15162849.79	98.7759	96.4926167	 (358,802.99)	4/30/2026	CPY	0	LMMSOFRFLAT	RFRSwap	4.54	4.12	5.54	0.38	0.054	 8,427 	0.01	0.00	0.01	3.97	1.55	0.00	0.00	6.4	NA	73	70	1.00	0.0	4.38	43	 NA 	NA	NA	5.70	0.06	11.51	5.62	0.06	5.55	5.46	0.05	-5.18	5.39	0.05	-10.02
HTM	613956	3132XFJ41	Agency CMBS	G-2-Q	FREDDIE MAC	1	3.9	10/1/2029	28657000	 28,657,000 	 -   	28515444.92	28284310.27	99.506	98.699481	 (231,134.65)	4/30/2026	CPY	0	LMMSOFRFLAT	RFRSwap	4.32	4.07	3.19	0.14	0.032	 9,052 	0.01	0.01	2.40	0.78	0.00	0.00	0.00	3.5	NA	60	58	1.00	0.0	4.72	42	 NA 	NA	NA	3.26	0.03	6.59	3.22	0.03	3.23	3.16	0.03	-3.09	3.12	0.03	-6.06
HTM	614474	3132XFJX7	Agency CMBS	G-2-Q	FREDDIE MAC	1	3.9	9/1/2032	10365000	 10,365,000 	 -   	10262722.09	10029955.97	99.0132	96.7675443	 (232,766.12)	4/30/2026	CPY	0	LMMSOFRFLAT	RFRSwap	4.54	4.12	5.53	0.38	0.054	 5,567 	0.01	0.01	0.01	3.96	1.55	0.00	0.00	6.4	NA	73	70	1.00	0.0	4.45	43	 NA 	NA	NA	5.69	0.06	11.53	5.61	0.06	5.56	5.46	0.05	-5.19	5.38	0.05	-10.03
HTM	614318	3132XFJY5	Agency CMBS	G-2-Q	FREDDIE MAC	1	4.05	9/1/2032	21258000	 21,258,000 	 -   	21359846.06	20757657.62	100.4791	97.6463337	 (602,188.44)	4/30/2026	CPY	0	LMMSOFRFLAT	RFRSwap	4.53	4.01	5.51	0.38	0.054	 11,478 	0.01	0.01	0.02	3.94	1.54	0.00	0.00	6.4	NA	72	70	1.00	0.0	4.70	43	 NA 	NA	NA	5.67	0.06	11.59	5.59	0.06	5.59	5.43	0.05	-5.22	5.36	0.05	-10.09
AFS	612638	3132XFKJ6	Agency CMBS	G-2-Q	FREDDIE MAC	1	3.9	12/1/2029	45911000	 45,911,000 	 -   	45523396.42	45278450.27	99.1558	98.6222262	 (244,946.15)	4/30/2026	CPY	0	LMMSOFRFLAT	RFRSwap	4.33	4.17	3.33	0.15	0.033	 15,124 	0.01	0.01	2.23	1.09	0.00	0.00	0.00	3.7	NA	61	59	1.00	0.0	5.44	40	 NA 	NA	NA	3.40	0.04	6.89	3.37	0.03	3.37	3.29	0.03	-3.22	3.26	0.03	-6.31
AFS	613568	3132XFN38	Agency CMBS	G-2-Q	FREDDIE MAC	1	4.3	9/1/2028	84958000	 84,958,000 	 -   	83854620.52	84872323.77	98.7013	99.8991546	 1,017,703.24 	4/30/2026	CPY	0	LMMSOFRFLAT	RFRSwap	4.33	4.86	2.24	0.07	0.022	 19,068 	0.01	1.31	0.92	0.00	0.00	0.00	0.00	2.4	NA	59	57	1.00	0.0	5.94	31	 NA 	NA	NA	2.28	0.02	4.64	2.26	0.02	2.28	2.22	0.02	-2.21	2.20	0.02	-4.35
AFS	614416	3132XG5P7	Agency CMBS	G-2-Q	FREDDIE MAC	1	3.75	12/1/2031	36451000	 36,451,000 	 -   	34975596.63	35262788.89	95.9524	96.740251	 287,192.27 	4/30/2026	CPY	0	LMMSOFRFLAT	RFRSwap	4.45	4.62	4.96	0.31	0.048	 17,530 	0.01	0.00	0.02	4.28	0.64	0.00	0.00	5.6	NA	68	65	1.00	0.0	4.72	16	 NA 	NA	NA	5.09	0.05	10.25	5.02	0.05	4.96	4.89	0.05	-4.66	4.83	0.04	-9.04
AFS	614012	3132XG5S1	Agency CMBS	G-2-Q	FREDDIE MAC	1	4	9/1/2031	84500000	 84,500,000 	 -   	82321195.22	83168898.2	97.4215	98.4247316	 847,702.98 	4/30/2026	CPY	0	LMMSOFRFLAT	RFRSwap	4.38	4.59	4.68	0.28	0.046	 39,081 	0.01	0.02	0.06	4.21	0.37	0.00	0.00	5.3	NA	61	59	1.00	0.0	5.07	19	 NA 	NA	NA	4.81	0.05	9.83	4.75	0.05	4.77	4.62	0.04	-4.49	4.56	0.04	-8.72
PUB_HTM	614620	3132XGJS6	Agency CMBS	G-2-Q	FREDDIE MAC	0.99161061	1.21	10/1/2030	50000000	 49,580,531 	 386,212.01 	46219434.92	43690339.08	93.2209	88.1199508	 (2,529,095.84)	4/30/2026	CPY	0	LMMSOFRFLAT	RFRSwap	4.27	2.90	4.08	0.21	0.036	 17,864 	0.00	-0.01	1.03	3.06	0.00	0.00	0.00	4.3	NA	54	52	0.99	0.0	2.76	66	 NA 	NA	NA	4.18	0.04	7.60	4.13	0.04	3.70	4.04	0.03	-3.51	3.99	0.03	-6.85
PUB_HTM	614779	3132XGKD7	Agency CMBS	G-2-Q	FREDDIE MAC	0.97462544	1.51	12/1/2030	49852000	 48,587,027 	 742,427.66 	45743133.69	42723907.03	94.1468	87.9327452	 (3,019,226.65)	4/30/2026	CPY	0	LMMSOFRFLAT	RFRSwap	4.57	2.94	4.15	0.22	0.037	 17,776 	0.01	0.01	0.72	3.42	0.00	0.00	0.00	4.4	NA	83	81	0.97	0.0	3.45	64	 NA 	NA	NA	4.25	0.04	7.72	4.20	0.04	3.76	4.11	0.03	-3.56	4.06	0.03	-6.94
HTM	613311	3132XGQN9	Agency CMBS	G-2-Q	FREDDIE MAC	1	4	9/1/2032	18969000	 18,969,000 	 -   	19001965.08	18442580.89	100.1738	97.2248452	 (559,384.20)	4/30/2026	CPY	0	LMMSOFRFLAT	RFRSwap	4.57	4.01	5.36	0.37	0.052	 9,917 	0.01	0.03	0.09	3.79	1.43	0.00	0.00	6.2	NA	76	74	1.00	0.0	4.72	43	 NA 	NA	NA	5.52	0.06	11.21	5.44	0.06	5.41	5.28	0.05	-5.05	5.20	0.05	-9.78
HTM	614019	3132XGRE8	Agency CMBS	G-2-Q	FREDDIE MAC	1	3.6	10/1/2032	29345000	 29,345,000 	 -   	28707173.99	27818127.45	97.8265	94.7968221	 (889,046.54)	4/30/2026	CPY	0	LMMSOFRFLAT	RFRSwap	4.61	4.04	5.47	0.38	0.052	 15,269 	0.01	0.03	0.08	3.80	1.56	0.00	0.00	6.3	NA	80	78	1.00	0.0	4.54	42	 NA 	NA	NA	5.63	0.06	11.17	5.55	0.06	5.39	5.39	0.05	-5.03	5.31	0.05	-9.72
HTM	613886	3132XGRP3	Agency CMBS	G-2-Q	FREDDIE MAC	1	3.25	11/1/2032	43614000	 43,614,000 	 -   	41723456.78	40683453.57	95.6653	93.2807208	 (1,040,003.20)	4/30/2026	CPY	0	LMMSOFRFLAT	RFRSwap	4.52	4.07	5.58	0.39	0.052	 22,768 	0.00	0.02	0.07	3.80	1.69	0.00	0.00	6.4	NA	71	68	1.00	0.0	4.19	41	 NA 	NA	NA	5.74	0.06	11.21	5.66	0.06	5.41	5.50	0.05	-5.04	5.42	0.05	-9.74
HTM	613317	3132XGRS7	Agency CMBS	G-2-Q	FREDDIE MAC	0.98520645	4.17	11/1/2029	41469000	 40,855,526 	 365,138.30 	41000003.93	40660373.03	100.3536	99.5223333	 (339,630.90)	4/30/2026	CPY	0	LMMSOFRFLAT	RFRSwap	4.34	4.08	3.18	0.14	0.032	 12,988 	0.02	0.03	2.24	0.89	0.00	0.00	0.00	3.5	NA	62	59	0.99	0.0	4.95	41	 NA 	NA	NA	3.26	0.03	6.64	3.22	0.03	3.25	3.15	0.03	-3.11	3.11	0.03	-6.09
AFS	614352	3132XGRW8	Agency CMBS	G-2-Q	FREDDIE MAC	0.9969858	3.9	12/1/2029	11321000	 11,286,876 	 33,774.09 	11186270.51	11131389.01	99.1086	98.6224069	 (54,881.50)	4/30/2026	CPY	0	LMMSOFRFLAT	RFRSwap	4.33	4.19	3.27	0.14	0.032	 3,657 	0.02	0.02	2.18	1.05	0.00	0.00	0.00	3.6	NA	62	59	1.00	0.0	5.50	40	 NA 	NA	NA	3.35	0.04	6.77	3.31	0.03	3.31	3.24	0.03	-3.17	3.20	0.03	-6.21
AFS	614249	3132XGST4	Agency CMBS	G-2-Q	FREDDIE MAC	0.99675641	4.1	1/1/2030	23099000	 23,024,076 	 73,634.86 	22684729.68	22875616.03	98.5261	99.3551955	 190,886.35 	4/30/2026	CPY	0	LMMSOFRFLAT	RFRSwap	4.31	4.56	3.31	0.15	0.033	 7,595 	0.03	0.03	2.07	1.18	0.00	0.00	0.00	3.6	NA	59	57	1.00	0.0	5.59	39	 NA 	NA	NA	3.39	0.04	6.90	3.35	0.03	3.37	3.27	0.03	-3.23	3.23	0.03	-6.31
AFS	613749	3132XGSZ0	Agency CMBS	G-2-Q	FREDDIE MAC	0.99693503	4.2	1/1/2030	21224000	 21,158,949 	 64,185.20 	20915252.87	21092089.68	98.8483	99.6840136	 176,836.81 	4/30/2026	CPY	0	LMMSOFRFLAT	RFRSwap	4.31	4.57	3.31	0.15	0.033	 7,002 	0.03	0.03	2.07	1.18	0.00	0.00	0.00	3.7	NA	59	57	1.00	0.0	5.89	39	 NA 	NA	NA	3.39	0.04	6.92	3.35	0.03	3.38	3.27	0.03	-3.24	3.23	0.03	-6.33
AFS	614703	3132XGT48	Agency CMBS	G-2-Q	FREDDIE MAC	0.99693503	4.25	1/1/2030	10526000	 10,493,738 	 32,489.17 	10550105.84	10443210.52	100.5372	99.5184976	 (106,895.32)	4/30/2026	CPY	0	LMMSOFRFLAT	RFRSwap	4.42	4.11	3.31	0.15	0.033	 3,464 	0.03	0.04	2.06	1.18	0.00	0.00	0.00	3.7	NA	69	67	1.00	0.0	5.89	39	 NA 	NA	NA	3.38	0.04	6.91	3.34	0.03	3.38	3.27	0.03	-3.23	3.23	0.03	-6.32
AFS	613540	3132XGX92	Agency CMBS	G-2-Q	FREDDIE MAC	1	4.83	11/1/2028	49166000	 49,166,000 	 -   	49226324.55	49694321.17	100.1227	101.0745661	 467,996.62 	4/30/2026	CPY	0	LMMSOFRFLAT	RFRSwap	4.37	4.77	2.36	0.08	0.024	 11,761 	0.02	1.00	1.33	0.00	0.00	0.00	0.00	2.6	NA	64	61	1.00	0.0	6.30	29	 NA 	NA	NA	2.41	0.03	4.95	2.38	0.02	2.43	2.33	0.02	-2.35	2.31	0.02	-4.63
PUB_HTM	613580	3136BDL55	Agency CMO	G-3-Q	FANNIE MAE	0.74833805	1.25	2/1/2051	100000000	 74,833,805 	 3,646,241.22 	67132635.54	57601248.5	89.709	76.97223	 (9,531,387.04)	4/30/2026	Model2501	100	LMMSOFRFLAT	RFRSwap	4.49	2.53	8.49	0.31	0.065	 48,940 	0.03	0.06	0.17	0.96	3.62	3.37	0.30	9.6	4.7	22	48	0.75	3.0	#SPILL!	#SPILL!	#SPILL!	#SPILL!	#SPILL!	7.32	0.07	13.33	8.01	0.07	6.64	8.81	0.06	-6.40	8.87	0.06	-12.40
PUB_HTM	614461	3136BDM39	Agency CMO	G-3-Q	FANNIE MAE	0.74345665	1.5	2/1/2051	50000000	 37,172,833 	 1,450,848.98 	33707515.52	27988488.73	90.6778	75.29286	-5719026.79	4/30/2026	Model2501	100	LMMSOFRFLAT	RFRSwap	4.95	2.62	8.60	0.45	0.065	 24,111 	0.03	0.06	0.17	0.94	3.60	3.48	0.35	9.9	4.2	68	94	0.74	3.2	2.89	64	 572,635 	#SPILL!	#SPILL!	7.51	0.07	13.29	8.14	0.07	6.61	8.82	0.06	-6.30	8.81	0.06	-12.15
PUB_HTM	613898	3136BDV54	Agency CMO	G-3-Q	FANNIE MAE	0.61312812	1.25	2/1/2051	42649533	 26,149,628 	 2,254,189.75 	23417711.14	19986435.24	89.5528	76.43105	-3431275.9	4/30/2026	Model2501	100	LMMSOFRFLAT	RFRSwap	5.27	2.80	7.73	-0.03	0.059	 15,467 	0.05	0.08	0.23	1.13	3.35	2.61	0.29	8.2	7.2	97	134	0.61	6.6	2.88	64	 272,521 	#SPILL!	#SPILL!	6.54	0.06	11.77	7.16	0.06	5.92	8.43	0.06	-5.94	8.82	0.06	-11.81
PUB_HTM	613792	3136BFCB7	Agency CMO	G-3-Q	FANNIE MAE	0.76755113	1.25	3/1/2051	25000000	 19,188,778 	 949,529.75 	17099208.57	14208161.99	89.1105	74.04412	 (2,891,046.57)	4/30/2026	Model2501	100	LMMSOFRFLAT	RFRSwap	4.87	2.56	8.70	0.50	0.065	 12,382 	0.03	0.06	0.16	0.93	3.68	3.51	0.34	9.9	4.1	61	87	0.77	2.6	2.72	64	 550,566 	#SPILL!	#SPILL!	7.69	0.07	13.31	8.28	0.07	6.60	8.89	0.06	-6.25	8.86	0.06	-12.03
AFS	612988	3136BR3G0	Agency CMO	G-3-Q	FANNIE MAE	0.64897072	5.5	11/1/2047	128408000	 83,333,032 	 21,531,152.44 	83006250.89	84632352.52	99.6079	101.55919	 1,626,101.63 	4/30/2026	Model2501	100	LMMSOFRFLAT	RFRSwap	4.79	5.57	1.37	-1.47	0.014	 11,620 	0.36	0.40	0.47	0.49	-0.14	-0.18	-0.02	2.5	16.6	49	97	0.65	15.4	6.95	37	 227,769 	#SPILL!	#SPILL!	0.32	0.00	0.78	0.15	0.00	0.68	2.56	0.03	-2.04	3.35	0.03	-4.98
AFS	613938	3136BR4M6	Agency CMO	G-3-Q	FANNIE MAE	0.66118546	5.5	1/1/2047	30000000	 19,835,564 	 6,121,594.33 	19735604.41	20129826.37	99.4961	101.48351	 394,221.96 	4/30/2026	Model2501	100	LMMSOFRFLAT	RFRSwap	4.80	5.62	1.17	-1.61	0.012	 2,374 	0.37	0.40	0.44	0.39	-0.20	-0.20	-0.02	2.4	16.5	44	99	0.66	14.4	6.96	28	 249,468 	#SPILL!	#SPILL!	0.34	0.00	0.55	0.00	0.00	0.45	2.48	0.02	-1.90	3.33	0.03	-4.80
AFS	614798	3136BSA47	Agency CMO	G-3-Q	FANNIE MAE	0.68075116	5	11/1/2050	31280000	 21,293,896 	 7,024,091.69 	21188916.3	21455648.98	99.507	100.75962	266732.69	4/30/2026	Model2501	100	LMMSOFRFLAT	RFRSwap	4.55	5.13	1.20	-1.49	0.012	 2,586 	0.40	0.39	0.37	0.32	-0.12	-0.14	-0.02	2.1	15.9	16	75	0.68	13.1	#SPILL!	#SPILL!	#SPILL!	#SPILL!	#SPILL!	0.29	0.00	0.60	-0.01	0.00	0.50	2.48	0.02	-1.88	3.37	0.03	-4.78
AFS	613038	3136BSC29	Agency CMO	G-3-Q	FANNIE MAE	0.66019375	5.25	1/1/2051	50000000	 33,009,688 	 11,139,282.03 	33034262.93	33337414.28	100.0744	100.99282	303151.35	4/30/2026	Model2501	100	LMMSOFRFLAT	RFRSwap	4.67	5.10	1.06	-1.56	0.011	 3,542 	0.41	0.39	0.36	0.27	-0.17	-0.16	-0.02	2.1	16.4	27	86	0.66	14.3	6.99	22	 277,875 	#SPILL!	#SPILL!	0.28	0.00	0.44	-0.09	0.00	0.36	2.39	0.02	-1.77	3.34	0.03	-4.62
AFS	613717	3136BSC60	Agency CMO	G-3-Q	FANNIE MAE	0.66019376	5	1/1/2051	37779000	 24,941,460 	 8,366,795.87 	24819116.07	25132379.45	99.5095	100.76547	313263.38	4/30/2026	Model2501	100	LMMSOFRFLAT	RFRSwap	4.53	5.13	1.19	-1.49	0.012	 3,004 	0.40	0.39	0.37	0.31	-0.12	-0.13	-0.01	2.1	16.4	15	73	0.66	14.3	6.99	22	 277,875 	#SPILL!	#SPILL!	0.29	0.00	0.61	0.00	0.00	0.50	2.48	0.02	-1.88	3.42	0.03	-4.79
AFS	613151	3136BSK46	Agency CMO	G-3-Q	FANNIE MAE	0.69841726	5	1/1/2051	53063919	 37,060,757 	 11,412,135.49 	37060756.91	37004954.53	100	99.84943	-55802.38	4/30/2026	Model2501	100	LMMSOFRFLAT	RFRSwap	4.97	4.90	1.70	-1.19	0.017	 6,316 	0.36	0.40	0.41	0.47	0.10	-0.03	0.00	2.1	16.3	64	120	0.70	12.5	6.98	22	 256,951 	#SPILL!	#SPILL!	0.37	0.00	1.31	0.38	0.00	1.03	2.80	0.03	-2.26	3.65	0.03	-5.39
AFS	613039	3136BSM77	Agency CMO	G-3-Q	FANNIE MAE	0.64725034	5	1/1/2051	37096662	 24,010,827 	 9,507,748.68 	23893201.59	24174583.33	99.5101	100.68201	281381.75	4/30/2026	Model2501	100	LMMSOFRFLAT	RFRSwap	4.56	5.13	1.21	-1.45	0.012	 2,935 	0.40	0.39	0.36	0.32	-0.11	-0.12	-0.01	2.1	16.5	20	77	0.65	15.0	#SPILL!	#SPILL!	#SPILL!	#SPILL!	#SPILL!	0.30	0.00	0.66	0.02	0.00	0.52	2.46	0.02	-1.88	3.37	0.03	-4.75
AFS	613023	3136BSVV4	Agency CMO	G-3-Q	FANNIE MAE	0.70143124	5.5	2/1/2051	47888000	 33,590,139 	 8,466,714.51 	33267884.02	33893441.38	99.0406	100.90295	625557.36	4/30/2026	Model2501	100	LMMSOFRFLAT	RFRSwap	4.96	5.85	1.18	-1.45	0.012	 4,016 	0.40	0.40	0.38	0.30	-0.13	-0.14	-0.02	2.1	16.8	60	116	0.70	11.8	6.93	29	 250,134 	#SPILL!	#SPILL!	0.30	0.00	0.59	0.02	0.00	0.51	2.43	0.02	-1.86	3.35	0.03	-4.72
AFS	612661	3136BSY25	Agency CMO	G-3-Q	FANNIE MAE	0.7131458	5.25	12/1/2047	20000000	 14,262,916 	 4,454,187.05 	14312958.61	14413157.28	100.3509	101.05337	100198.66	4/30/2026	Model2501	100	LMMSOFRFLAT	RFRSwap	4.76	5.03	1.43	-1.58	0.015	 2,072 	0.35	0.39	0.44	0.49	-0.05	-0.16	-0.02	2.5	17.0	37	94	0.71	14.5	6.96	22	 283,957 	#SPILL!	#SPILL!	0.37	0.00	0.88	0.16	0.00	0.69	2.78	0.03	-2.16	3.68	0.04	-5.34
AFS	613164	3136BTJZ7	Agency CMO	G-3-Q	FANNIE MAE	0.90672566	5.5	11/1/2054	69264258	 62,803,680 	 4,473,934.69 	62924684.26	63651309.92	100.1927	101.34965	726625.66	4/30/2026	Model2501	100	LMMSOFRFLAT	RFRSwap	5.17	5.43	2.82	-1.80	0.029	 18,011 	0.24	0.32	0.51	0.82	0.76	0.15	-0.02	5.3	12.4	76	124	0.91	7.7	6.54	19	 275,777 	#SPILL!	#SPILL!	1.03	0.01	3.10	1.26	0.01	2.01	4.16	0.04	-3.59	4.93	0.05	-7.98
AFS	614419	3136BTMG5	Agency CMO	G-3-Q	FANNIE MAE	0.8476107	5	10/1/2054	50000000	 42,380,535 	 4,436,022.79 	42335168.55	42671286.66	99.893	100.68605	336118.11	4/30/2026	Model2501	100	LMMSOFRFLAT	RFRSwap	4.84	5.00	3.14	-1.13	0.032	 13,451 	0.23	0.34	0.52	0.84	0.98	0.27	-0.03	5.4	12.9	47	88	0.85	10.4	6.45	38	 219,514 	#SPILL!	#SPILL!	0.90	0.01	3.63	1.64	0.02	2.46	4.08	0.04	-3.67	4.74	0.04	-7.89
AFS	614651	3136BTZA4	Agency CMO	G-3-Q	FANNIE MAE	0.79610806	5	3/1/2051	44601547	 35,507,651 	 6,081,010.36 	34956744.42	35396494.35	98.4485	99.68695	439749.93	4/30/2026	Model2501	100	LMMSOFRFLAT	RFRSwap	5.04	5.58	1.89	-1.09	0.019	 6,725 	0.34	0.42	0.47	0.56	0.14	-0.03	0.00	2.3	15.9	77	128	0.80	9.4	6.97	19	 182,669 	#SPILL!	#SPILL!	0.39	0.00	1.63	0.64	0.01	1.27	2.90	0.03	-2.40	3.63	0.03	-5.54
AFS	614676	3136BUWF3	Agency CMO	G-3-Q	FANNIE MAE	0.743222	5.5	5/1/2051	39000000	 28,985,658 	 7,299,938.29 	28947388.13	29387216.61	99.868	101.38537	439828.48	4/30/2026	Model2501	100	LMMSOFRFLAT	RFRSwap	4.81	5.46	1.09	-1.61	0.011	 3,228 	0.39	0.41	0.40	0.32	-0.21	-0.19	-0.02	2.3	15.5	43	99	0.74	13.7	#SPILL!	#SPILL!	#SPILL!	#SPILL!	#SPILL!	0.24	0.00	0.33	-0.09	0.00	0.38	2.44	0.02	-1.84	3.32	0.03	-4.71
AFS	614112	3136BUY46	Agency CMO	G-3-Q	FANNIE MAE	0.79668953	5.5	3/1/2051	100000000	 79,668,953 	 16,246,461.05 	79778036.42	80811573.09	100.1369	101.43421	1033536.68	4/30/2026	Model2501	100	LMMSOFRFLAT	RFRSwap	4.86	5.36	1.19	-1.71	0.012	 9,634 	0.38	0.42	0.42	0.39	-0.19	-0.21	-0.02	2.5	14.5	44	104	0.80	11.1	6.85	15	 237,386 	#SPILL!	#SPILL!	0.23	0.00	0.32	-0.10	0.00	0.42	2.60	0.03	-1.97	3.51	0.03	-5.01
AFS	613341	3136BVAL2	Agency CMO	G-3-Q	FANNIE MAE	0.75743229	5.5	2/1/2052	56793000	 43,016,852 	 11,126,505.19 	42946709.53	43677367.21	99.8369	101.53548	730657.67	4/30/2026	Model2501	100	LMMSOFRFLAT	RFRSwap	4.79	5.48	1.18	-1.69	0.012	 5,191 	0.38	0.41	0.41	0.36	-0.14	-0.20	-0.02	2.5	16.1	37	96	0.76	14.7	6.92	29	 244,654 	#SPILL!	#SPILL!	0.27	0.00	0.43	-0.03	0.00	0.44	2.59	0.03	-1.96	3.54	0.03	-5.01
AFS	613835	3136BVVM7	Agency CMO	G-3-Q	FANNIE MAE	0.85895331	5.5	12/1/2051	119833351	 102,931,254 	 14,774,088.05 	102827842.1	104162239.2	99.8995	101.19593	1334397.1	4/30/2026	Model2501	100	LMMSOFRFLAT	RFRSwap	5.19	5.50	2.29	-2.20	0.023	 23,979 	0.29	0.38	0.48	0.77	0.54	-0.11	-0.03	4.1	10.4	61	131	0.86	9.2	6.86	16	 390,799 	#SPILL!	#SPILL!	0.22	0.00	1.21	0.25	0.00	1.19	4.02	0.04	-3.26	5.08	0.05	-7.67
PUB_AFS	614378	3140J8FS7	Agency MBS 10yr	G-2-Q	FANNIE MAE	0.04857441	2.5	4/1/2028	30000000	 1,457,232 	 1,052,673.01 	1450902.49	1437818.44	99.5656	98.6677579	 (13,084.05)	4/30/2026	Model2501	100	LMMSOFRFLAT	RFRSwap	4.17	2.89	0.71	0.00	0.007	 103 	0.58	0.12	0.00	0.01	0.00	0.00	0.00	0.7	22.7	42	44	0.05	15.5	3.08	100	 37,882 	NA	NA	0.71	0.01	1.41	0.71	0.01	0.71	0.72	0.01	-0.70	0.73	0.01	-1.41
PUB_AFS	613594	3140J9JQ5	Agency MBS 10yr	G-2-Q	FANNIE MAE	0.03657921	3.5	11/1/2028	8829621	 322,981 	 184,366.48 	325087.07	320978.24	100.6522	99.3800492	 (4,108.82)	4/30/2026	Model2501	100	LMMSOFRFLAT	RFRSwap	4.00	2.45	0.82	0.00	0.008	 26 	0.56	0.25	0.00	0.00	0.00	0.00	0.00	0.8	24.6	25	24	0.04	16.8	4.05	96	 31,577 	NA	NA	0.80	0.01	1.63	0.81	0.01	0.81	0.82	0.01	-0.81	0.84	0.01	-1.63
PUB_AFS	613105	3140Q86T7	Agency MBS 10yr	G-2-Q	FANNIE MAE	0.04089152	3.5	12/1/2027	9154788	 374,353 	 385,178.97 	376114.54	372495.74	100.4705	99.5038235	-3618.8	4/30/2026	Model2501	100	LMMSOFRFLAT	RFRSwap	4.00	2.26	0.55	0.00	0.006	 21 	0.53	0.02	0.00	0.00	0.00	0.00	0.00	0.6	31.6	25	29	0.04	14.4	4.03	105	 10,468 	NA	NA	0.55	0.01	1.11	0.55	0.01	0.55	0.56	0.01	-0.55	0.56	0.01	-1.11
PUB_AFS	613295	31418C2U7	Agency MBS 10yr	G-2-Q	FANNIE MAE	0.03285715	3.5	10/1/2028	20000000	 657,143 	 472,727.43 	662346.32	652236.22	100.7918	99.2533159	-10110.1	4/30/2026	Model2501	100	LMMSOFRFLAT	RFRSwap	4.09	2.41	0.91	0.00	0.009	 60 	0.53	0.37	0.01	0.00	0.00	0.00	0.00	0.9	22.9	34	31	0.03	24.1	4.08	92	 32,351 	NA	NA	0.89	0.01	1.82	0.91	0.01	0.91	0.92	0.01	-0.91	0.94	0.01	-1.82
PUB_AFS	613206	31418CEB6	Agency MBS 10yr	G-2-Q	FANNIE MAE	0.00929002	2.5	12/1/2026	11420000	 106,092 	 264,393.97 	105815.81	105501.71	99.7396	99.44358	-314.1	4/30/2026	Model2501	100	LMMSOFRFLAT	RFRSwap	4.04	2.88	0.26	0.00	0.003	 3 	0.26	0.00	0.00	0.00	0.00	0.00	0.00	0.3	37.5	30	36	0.01	17.6	2.86	114	 11,079 	NA	NA	0.26	0.00	0.52	0.26	0.00	0.26	0.26	0.00	-0.26	0.26	0.00	-0.51
PUB_AFS	613142	31418CK45	Agency MBS 10yr	G-2-Q	FANNIE MAE	0.01663968	3.5	5/1/2027	31100000	 517,494 	 765,940.09 	519332.62	515207.31	100.3553	99.5581129	-4125.31	4/30/2026	Model2501	100	LMMSOFRFLAT	RFRSwap	4.01	2.16	0.43	0.00	0.004	 22 	0.43	0.00	0.00	0.00	0.00	0.00	0.00	0.4	32.0	27	32	0.02	17.2	3.99	109	 10,673 	NA	NA	0.43	0.00	0.86	0.43	0.00	0.43	0.43	0.00	-0.43	0.43	0.00	-0.86
PUB_AFS	613523	31418CKY9	Agency MBS 10yr	G-2-Q	FANNIE MAE	0.01398558	3	5/1/2027	11869006	 165,995 	 256,649.60 	166109.75	164906.03	100.0692	99.3440141	-1203.72	4/30/2026	Model2501	100	LMMSOFRFLAT	RFRSwap	4.08	2.40	0.43	0.00	0.004	 7 	0.43	0.00	0.00	0.00	0.00	0.00	0.00	0.4	31.3	34	38	0.01	19.5	3.47	109	 15,194 	NA	NA	0.43	0.00	0.87	0.43	0.00	0.43	0.43	0.00	-0.43	0.44	0.00	-0.86
PUB_AFS	613006	31418CVH4	Agency MBS 10yr	G-2-Q	FANNIE MAE	0.04209252	3	3/1/2028	15000000	 631,388 	 541,329.36 	632575.45	624976.33	100.1881	98.9845428	-7599.13	4/30/2026	Model2501	100	LMMSOFRFLAT	RFRSwap	4.14	2.49	0.74	0.00	0.007	 46 	0.58	0.15	0.00	0.00	0.00	0.00	0.00	0.8	23.0	38	40	0.04	17.1	3.41	99	 28,612 	NA	NA	0.73	0.01	1.47	0.74	0.01	0.73	0.75	0.01	-0.73	0.76	0.01	-1.47
PUB_AFS	614017	31418CW34	Agency MBS 10yr	G-2-Q	FANNIE MAE	0.04118045	3	5/1/2028	25840100	 1,064,107 	 754,567.34 	1066153.16	1052245.23	100.1923	98.8852892	 (13,907.92)	4/30/2026	Model2501	100	LMMSOFRFLAT	RFRSwap	4.22	2.51	0.77	0.00	0.008	 81 	0.58	0.18	0.00	0.01	0.00	0.00	0.00	0.8	22.7	46	47	0.04	18.6	3.48	98	 33,543 	NA	NA	0.77	0.01	1.54	0.77	0.01	0.77	0.78	0.01	-0.76	0.79	0.01	-1.53
PUB_AFS	614559	31418CYE8	Agency MBS 10yr	G-2-Q	FANNIE MAE	0.03975232	3.5	7/1/2028	25274427	 1,004,717 	 738,514.32 	1011952.68	996984.91	100.7202	99.2304098	 (14,967.78)	4/30/2026	Model2501	100	LMMSOFRFLAT	RFRSwap	4.18	2.38	0.83	0.00	0.008	 83 	0.56	0.26	0.00	0.00	0.00	0.00	0.00	0.9	23.0	42	42	0.04	20.3	3.99	95	 29,988 	NA	NA	0.81	0.01	1.65	0.82	0.01	0.82	0.83	0.01	-0.82	0.84	0.01	-1.65
AFS	613289	3128MD3G6	Agency MBS 15yr	G-2-Q	FREDDIE MAC	0.0378072	2.5	9/1/2028	307004965	 11,606,998 	 6,853,170.56 	11625691.36	11430755.24	100.1611	98.4815809	 (194,936.12)	4/30/2026	Model2501	100	LMMSOFRFLAT	RFRSwap	4.20	2.21	0.86	-0.01	0.009	 989 	0.54	0.30	0.00	0.01	0.00	0.00	0.00	0.9	19.5	43	43	0.04	11.8	2.97	155	 18,780 	NA	NA	0.84	0.01	1.70	0.85	0.01	0.85	0.88	0.01	-0.86	0.90	0.01	-1.72
AFS	613820	3128MD3H4	Agency MBS 15yr	G-2-Q	FREDDIE MAC	0.03317034	2.5	7/1/2028	184796697	 6,129,769 	 4,353,932.01 	6141289.96	6042578.39	100.1879	98.577583	-98711.57	4/30/2026	Model2501	100	LMMSOFRFLAT	RFRSwap	4.13	2.17	0.84	0.00	0.008	 507 	0.56	0.26	0.00	0.01	0.00	0.00	0.00	0.9	18.4	36	37	0.03	12.4	2.94	156	 21,771 	NA	NA	0.82	0.01	1.65	0.83	0.01	0.83	0.85	0.01	-0.83	0.86	0.01	-1.67
AFS	614803	3128MD4E0	Agency MBS 15yr	G-2-Q	FREDDIE MAC	0.03541727	2.5	7/1/2029	532771	 18,869 	 12,083.54 	18887.11	18589.92	100.0944	98.5194116	-297.19	4/30/2026	Model2501	100	LMMSOFRFLAT	RFRSwap	4.11	2.30	0.88	0.00	0.009	 2 	0.55	0.32	0.00	0.01	0.00	0.00	0.00	0.9	15.8	35	34	0.04	12.5	2.95	154	 34,544 	NA	NA	0.87	0.01	1.74	0.88	0.01	0.87	0.90	0.01	-0.87	0.91	0.01	-1.75
AFS	614061	3128MD5V1	Agency MBS 15yr	G-2-Q	FREDDIE MAC	0.04403628	2.5	8/1/2029	14000000	 616,508 	 339,573.13 	616985.18	602560.22	100.0774	97.7376279	-14424.97	4/30/2026	Model2501	100	LMMSOFRFLAT	RFRSwap	4.47	2.36	1.14	-0.01	0.011	 69 	0.45	0.53	0.14	0.02	0.00	0.00	0.00	1.2	16.0	71	66	0.04	13.1	3.10	145	 45,165 	NA	NA	1.11	0.01	2.23	1.12	0.01	1.11	1.17	0.01	-1.12	1.19	0.01	-2.26
AFS	613947	3128MDKT9	Agency MBS 15yr	G-2-Q	FREDDIE MAC	0.0170098	2.5	11/1/2027	93230000	 1,585,824 	 1,419,758.44 	1582894.01	1568599.53	99.8153	98.9138687	-14294.48	4/30/2026	Model2501	100	LMMSOFRFLAT	RFRSwap	4.12	2.65	0.63	0.00	0.006	 98 	0.56	0.06	0.00	0.01	0.00	0.00	0.00	0.6	22.3	37	40	0.02	12.2	3.04	162	 13,688 	NA	NA	0.62	0.01	1.24	0.62	0.01	0.62	0.64	0.01	-0.62	0.64	0.01	-1.25
PUB_HTM	613895	3128MDQZ9	Agency MBS 15yr	G-2-Q	FREDDIE MAC	0.01009948	3	4/1/2028	75675000	 764,278 	 984,987.82 	765565.38	759524.8	100.1684	99.3780602	-6040.58	4/30/2026	Model2501	100	LMMSOFRFLAT	RFRSwap	4.15	2.39	0.45	0.00	0.005	 34 	0.45	0.00	0.00	0.00	0.00	0.00	0.00	0.5	23.4	39	44	0.01	13.8	3.46	168	 18,967 	NA	NA	0.45	0.00	0.91	0.45	0.00	0.45	0.46	0.00	-0.45	0.46	0.00	-0.90
AFS	613943	3128MDTZ6	Agency MBS 15yr	G-2-Q	FREDDIE MAC	0.03238242	2.5	6/1/2028	193221104	 6,256,967 	 4,292,369.44 	6267986.91	6171203.54	100.1761	98.6293135	-96783.36	4/30/2026	Model2501	100	LMMSOFRFLAT	RFRSwap	4.14	2.17	0.80	-0.01	0.008	 495 	0.57	0.22	0.00	0.01	0.00	0.00	0.00	0.8	19.5	38	39	0.03	11.4	2.91	157	 19,019 	NA	NA	0.78	0.01	1.57	0.79	0.01	0.79	0.82	0.01	-0.79	0.83	0.01	-1.60
AFS	614599	3128MDYC1	Agency MBS 15yr	G-2-Q	FREDDIE MAC	0.04503341	2.5	2/1/2029	50000000	 2,251,671 	 1,227,203.37 	2251670.5	2215642.09	100	98.3999254	-36028.41	4/30/2026	Model2501	100	LMMSOFRFLAT	RFRSwap	4.13	2.41	0.95	0.00	0.009	 211 	0.52	0.41	0.01	0.01	0.00	0.00	0.00	1.0	15.6	37	34	0.05	10.7	2.94	153	 36,810 	NA	NA	0.93	0.01	1.87	0.94	0.01	0.94	0.97	0.01	-0.94	0.98	0.01	-1.88
AFS	614415	3128MDYH0	Agency MBS 15yr	G-2-Q	FREDDIE MAC	0.03815944	2.5	1/1/2029	58500000	 2,232,327 	 1,353,209.72 	2232327.24	2195265.57	100	98.3397745	-37061.66	4/30/2026	Model2501	100	LMMSOFRFLAT	RFRSwap	4.14	2.41	0.98	0.00	0.010	 216 	0.50	0.44	0.02	0.01	0.00	0.00	0.00	1.0	15.6	38	35	0.04	12.6	3.00	151	 37,029 	NA	NA	0.97	0.01	1.94	0.97	0.01	0.97	1.00	0.01	-0.97	1.01	0.01	-1.95
AFS	614165	3128MDYL1	Agency MBS 15yr	G-2-Q	FREDDIE MAC	0.03850612	2.5	2/1/2029	50000000	 1,925,306 	 1,071,606.01 	1925427.24	1893336.79	100.0063	98.3395256	-32090.45	4/30/2026	Model2501	100	LMMSOFRFLAT	RFRSwap	4.14	2.41	0.98	0.00	0.010	 186 	0.50	0.44	0.02	0.01	0.00	0.00	0.00	1.0	15.6	38	35	0.04	11.9	3.04	152	 45,308 	NA	NA	0.96	0.01	1.93	0.97	0.01	0.97	1.00	0.01	-0.97	1.01	0.01	-1.95
AFS	613937	3128MDZG1	Agency MBS 15yr	G-2-Q	FREDDIE MAC	0.03274989	2.5	3/1/2029	78499388	 2,570,846 	 1,686,207.82 	2569040.33	2532780.85	99.9298	98.5193408	-36259.48	4/30/2026	Model2501	100	LMMSOFRFLAT	RFRSwap	4.12	2.48	0.88	0.00	0.009	 223 	0.55	0.32	0.00	0.01	0.00	0.00	0.00	0.9	16.4	35	35	0.03	12.7	2.95	154	 31,587 	NA	NA	0.87	0.01	1.74	0.87	0.01	0.87	0.89	0.01	-0.87	0.90	0.01	-1.75
AFS	612779	3128MEAH4	Agency MBS 15yr	G-2-Q	FREDDIE MAC	0.05226121	2.5	11/1/2029	442518	 23,127 	 9,890.30 	23307.87	22557.49	100.7841	97.5394772	-750.38	4/30/2026	Model2501	100	LMMSOFRFLAT	RFRSwap	4.33	1.86	1.34	0.00	0.013	 3 	0.39	0.52	0.39	0.03	0.00	0.01	0.00	1.4	14.3	57	49	0.05	13.4	3.21	140	 52,135 	NA	NA	1.30	0.01	2.62	1.32	0.01	1.31	1.37	0.01	-1.32	1.40	0.01	-2.65
HTM	613389	3128MFBQ0	Agency MBS 15yr	G-2-Q	FREDDIE MAC	0.15660307	2	4/1/2032	25000000	 3,915,077 	 912,288.61 	3868167.2	3728085	98.8018	95.2238038	-140082.2	4/30/2026	Model2501	100	LMMSOFRFLAT	RFRSwap	4.35	2.55	2.13	-0.01	0.020	 795 	0.26	0.40	0.79	0.65	0.01	0.02	0.00	2.2	10.4	58	45	0.16	10.4	2.60	114	 92,382 	NA	NA	2.02	0.02	4.04	2.08	0.02	2.03	2.20	0.02	-2.04	2.25	0.02	-4.10
PUB_HTM	614613	3128MFPL6	Agency MBS 15yr	G-2-Q	FREDDIE MAC	0.05289958	3	6/1/2028	27906777	 1,476,257 	 1,231,299.77 	1479651.16	1463302.22	100.2299	99.1224721	-16348.94	4/30/2026	Model2501	100	LMMSOFRFLAT	RFRSwap	4.15	2.51	0.68	0.00	0.007	 100 	0.57	0.11	0.00	0.00	0.00	0.00	0.00	0.7	23.0	39	42	0.05	15.7	3.58	100	 41,568 	NA	NA	0.68	0.01	1.36	0.68	0.01	0.68	0.69	0.01	-0.68	0.70	0.01	-1.35
PUB_HTM	614251	3128MFQ76	Agency MBS 15yr	G-2-Q	FREDDIE MAC	0.04613847	3.5	7/1/2028	20000000	 922,769 	 507,554.66 	929823.51	918027.32	100.7645	99.4861036	-11796.19	4/30/2026	Model2501	100	LMMSOFRFLAT	RFRSwap	4.00	2.40	0.80	0.00	0.008	 73 	0.55	0.24	0.00	0.00	0.00	0.00	0.00	0.8	23.4	24	25	0.05	19.5	4.19	96	 33,171 	NA	NA	0.78	0.01	1.59	0.79	0.01	0.80	0.80	0.01	-0.79	0.81	0.01	-1.59
PUB_HTM	614191	3128MFS41	Agency MBS 15yr	G-2-Q	FREDDIE MAC	0.16195064	3	9/1/2033	20784640	 3,366,086 	 832,008.37 	3389009.09	3266886.83	100.681	97.052989	 (122,122.26)	4/30/2026	Model2501	100	LMMSOFRFLAT	RFRSwap	4.35	2.65	2.20	-0.01	0.021	 721 	0.26	0.37	0.70	0.82	0.04	0.01	0.00	2.3	13.5	58	44	0.16	14.2	3.56	104	 58,309 	NA	NA	2.04	0.02	4.24	2.14	0.02	2.13	2.28	0.02	-2.15	2.37	0.02	-4.34
PUB_HTM	614090	3128MFT57	Agency MBS 15yr	G-2-Q	FREDDIE MAC	0.15085981	3	3/1/2033	16109568	 2,430,286 	 611,206.14 	2449072.07	2359165.97	100.773	97.0735795	 (89,906.11)	4/30/2026	Model2501	100	LMMSOFRFLAT	RFRSwap	4.36	2.61	2.18	-0.03	0.021	 515 	0.26	0.36	0.68	0.81	0.04	0.01	0.00	2.3	14.7	58	45	0.15	15.2	3.51	103	 46,134 	NA	NA	1.99	0.02	4.17	2.10	0.02	2.11	2.27	0.02	-2.14	2.37	0.02	-4.32
PUB_HTM	613036	3128MFVL9	Agency MBS 15yr	G-2-Q	FREDDIE MAC	0.17827809	3	1/1/2033	29998249	 5,348,031 	 1,192,909.78 	5387408.19	5190898.49	100.7363	97.0618709	 (196,509.69)	4/30/2026	Model2501	100	LMMSOFRFLAT	RFRSwap	4.32	2.64	2.24	-0.01	0.022	 1,167 	0.25	0.37	0.70	0.86	0.05	0.01	0.00	2.4	13.0	55	40	0.18	13.3	3.56	105	 58,871 	NA	NA	2.09	0.02	4.33	2.18	0.02	2.18	2.32	0.02	-2.19	2.42	0.02	-4.42
PUB_HTM	614773	3128MFVU9	Agency MBS 15yr	G-2-Q	FREDDIE MAC	0.14093594	3	3/1/2032	15000000	 2,114,039 	 796,127.42 	2126711.61	2061643.9	100.5994	97.5215597	 (65,067.71)	4/30/2026	Model2501	100	LMMSOFRFLAT	RFRSwap	4.37	2.62	1.81	-0.01	0.018	 374 	0.31	0.43	0.73	0.33	0.01	0.01	0.00	1.9	14.2	61	49	0.14	14.1	3.56	119	 45,641 	NA	NA	1.71	0.02	3.51	1.77	0.02	1.76	1.86	0.02	-1.78	1.93	0.02	-3.58
AFS	612165	3128MMQ55	Agency MBS 15yr	G-2-Q	FREDDIE MAC	0.03826217	2.5	8/1/2028	68821800	 2,633,271 	 1,566,805.10 	2636142.22	2592552.52	100.109	98.4536765	-43589.7	4/30/2026	Model2501	100	LMMSOFRFLAT	RFRSwap	4.12	2.29	0.92	0.00	0.009	 238 	0.53	0.37	0.00	0.01	0.00	0.00	0.00	0.9	15.8	36	35	0.04	11.5	2.94	153	 34,557 	NA	NA	0.90	0.01	1.81	0.91	0.01	0.90	0.93	0.01	-0.91	0.94	0.01	-1.82
PUB_HTM	613144	3128P8B67	Agency MBS 20yr	G-2-Q	FREDDIE MAC	0.12847782	3	1/1/2036	14000000	 1,798,689 	 256,903.56 	1798071.77	1711241.97	99.9657	95.1382654	-86829.8	4/30/2026	Model2501	100	LMMSOFRFLAT	RFRSwap	4.53	2.99	3.25	0.02	0.031	 557 	0.18	0.27	0.59	1.56	0.64	0.01	0.00	3.6	9.3	70	49	0.13	13.6	3.77	125	 109,342 	NA	NA	2.87	0.03	6.14	3.15	0.03	3.10	3.36	0.03	-3.09	3.52	0.03	-6.21
PUB_HTM	613806	3128P8B91	Agency MBS 20yr	G-2-Q	FREDDIE MAC	0.13711694	3	2/1/2036	10000000	 1,371,169 	 195,365.94 	1370704.81	1303307.18	99.9661	95.0507781	-67397.63	4/30/2026	Model2501	100	LMMSOFRFLAT	RFRSwap	4.54	2.99	3.28	0.02	0.031	 429 	0.17	0.26	0.58	1.57	0.69	0.01	0.00	3.6	9.4	71	50	0.14	13.3	3.80	124	 114,805 	NA	NA	2.90	0.03	6.20	3.18	0.03	3.13	3.40	0.03	-3.12	3.57	0.03	-6.28
PUB_HTM	613228	3133D4PQ0	Agency MBS 20yr	G-2-Q	FREDDIE MAC	0.64621427	2	1/1/2042	18289955	 11,819,230 	 1,148,823.58 	11232148.98	10272499.66	95.0328	86.913443	-959649.32	4/30/2026	Model2501	100	LMMSOFRFLAT	RFRSwap	4.80	2.98	5.35	-0.05	0.047	 5,503 	0.09	0.15	0.38	1.55	2.65	0.50	0.04	5.8	7.8	76	59	0.65	5.8	2.92	52	 131,847 	NA	NA	4.60	0.04	9.17	5.02	0.05	4.63	5.69	0.05	-4.67	5.89	0.05	-9.33
PUB_HTM	614095	3133KTZF0	Agency MBS 20yr	G-2-Q	FREDDIE MAC	0.68658759	2	1/1/2042	20000000	 13,731,752 	 1,291,198.09 	12996963.05	11936588.83	94.649	86.9269195	-1060374.21	4/30/2026	Model2501	100	LMMSOFRFLAT	RFRSwap	4.83	3.07	5.29	-0.04	0.046	 6,330 	0.10	0.15	0.37	1.53	2.62	0.50	0.04	5.7	8.0	78	62	0.69	4.4	2.88	53	 132,521 	NA	NA	4.53	0.04	9.07	4.97	0.05	4.59	5.62	0.05	-4.63	5.82	0.05	-9.23
AFS	613527	3133KY2Z1	Agency MBS 20yr	G-2-Q	FREDDIE MAC	0.56915631	5.5	5/1/2044	29290549	 16,670,901 	 5,118,326.78 	16619253.3	16873928.22	99.6902	101.2178552	254674.92	4/30/2026	Model2501	100	LMMSOFRFLAT	RFRSwap	5.12	5.55	2.69	-1.41	0.027	 4,562 	0.27	0.30	0.44	0.72	0.88	0.12	-0.02	4.1	17.7	74	93	0.57	22.5	6.45	25	 285,178 	NA	NA	1.16	0.01	3.42	1.53	0.02	2.08	3.87	0.04	-3.33	4.56	0.04	-7.43
PUB_HTM	613121	3133KYSV2	Agency MBS 20yr	G-2-Q	FREDDIE MAC	0.21351219	2.5	2/1/2040	75858759	 16,196,770 	 1,587,494.39 	15758291.92	14714338.37	97.2928	90.8473639	-1043953.54	4/30/2026	Model2501	100	LMMSOFRFLAT	RFRSwap	4.62	3.08	4.64	-0.10	0.042	 6,838 	0.11	0.18	0.45	1.58	2.11	0.19	0.02	5.2	7.8	64	44	0.21	18.3	3.49	77	 193,355 	NA	NA	3.72	0.04	8.11	4.30	0.04	4.17	4.94	0.04	-4.26	5.15	0.04	-8.55
PUB_HTM	614427	3133KYUP2	Agency MBS 20yr	G-2-Q	FREDDIE MAC	0.56921028	2	12/1/2040	10000000	 5,692,103 	 447,873.38 	5400297.73	5006757.06	94.8735	87.9597091	-393540.67	4/30/2026	Model2501	100	LMMSOFRFLAT	RFRSwap	4.59	3.03	5.21	-0.05	0.046	 2,613 	0.09	0.16	0.40	1.61	2.58	0.35	0.03	5.6	6.9	58	40	0.57	5.7	2.88	66	 223,301 	NA	NA	4.28	0.04	8.90	4.84	0.04	4.55	5.47	0.05	-4.59	5.59	0.04	-9.10
HTM	614171	3133KYVC0	Agency MBS 20yr	G-2-Q	FREDDIE MAC	0.64554699	2	5/1/2041	50000000	 32,277,350 	 2,634,369.00 	32754688.74	27873990.63	101.4789	86.3577433	-4880698.12	4/30/2026	Model2501	100	LMMSOFRFLAT	RFRSwap	4.89	1.71	5.41	0.00	0.047	 15,120 	0.09	0.15	0.37	1.60	2.74	0.44	0.04	5.8	6.7	86	69	0.65	4.2	2.79	61	 222,632 	NA	NA	4.53	0.04	9.16	5.06	0.05	4.66	5.66	0.05	-4.67	5.75	0.04	-9.23
PUB_HTM	613493	3133KYVF3	Agency MBS 20yr	G-2-Q	FREDDIE MAC	0.64441665	2	6/1/2041	146141505	 94,176,019 	 7,292,391.55 	89318444.99	82027967.99	94.842	87.1006959	-7290477	4/30/2026	Model2501	100	LMMSOFRFLAT	RFRSwap	4.71	3.00	5.41	-0.03	0.047	 44,441 	0.09	0.15	0.38	1.58	2.74	0.45	0.04	5.8	6.7	67	50	0.64	4.4	2.82	60	 227,625 	NA	NA	4.44	0.04	9.16	5.02	0.05	4.68	5.67	0.05	-4.71	5.77	0.05	-9.32
HTM	614311	3133KYVN6	Agency MBS 20yr	G-2-Q	FREDDIE MAC	0.66698551	2	8/1/2041	34437238	 22,969,139 	 1,856,822.12 	23507621.98	19967829.45	102.3444	86.9332963	-3539792.53	4/30/2026	Model2501	100	LMMSOFRFLAT	RFRSwap	4.74	1.55	5.43	-0.03	0.047	 10,857 	0.09	0.15	0.37	1.57	2.75	0.47	0.04	5.9	6.9	70	53	0.67	4.0	2.89	58	 221,931 	NA	NA	4.47	0.04	9.18	5.04	0.05	4.69	5.70	0.05	-4.72	5.82	0.05	-9.35
HTM	614491	3133KYVS5	Agency MBS 20yr	G-2-Q	FREDDIE MAC	0.66399585	2	9/1/2041	40000000	 26,559,834 	 2,322,712.64 	27126971.37	23071167.35	102.1353	86.8648778	-4055804.01	4/30/2026	Model2501	100	LMMSOFRFLAT	RFRSwap	4.75	1.59	5.45	-0.03	0.047	 12,607 	0.09	0.15	0.37	1.57	2.77	0.49	0.04	5.9	6.9	71	54	0.66	4.3	2.88	57	 225,644 	NA	NA	4.48	0.04	9.21	5.06	0.05	4.71	5.74	0.05	-4.74	5.86	0.05	-9.40
HTM	613342	3133KYVY2	Agency MBS 20yr	G-2-Q	FREDDIE MAC	0.6767374	2	10/1/2041	50000000	 33,836,870 	 2,692,849.53 	34512688.94	29347017.86	101.9973	86.7308881	-5165671.08	4/30/2026	Model2501	100	LMMSOFRFLAT	RFRSwap	4.76	1.62	5.50	-0.03	0.048	 16,175 	0.08	0.14	0.37	1.56	2.80	0.51	0.04	5.9	6.9	71	54	0.68	4.0	2.85	56	 230,084 	NA	NA	4.52	0.04	9.28	5.10	0.05	4.74	5.78	0.05	-4.77	5.90	0.05	-9.45
PUB_HTM	612405	3133KYVY2	Agency MBS 20yr	G-2-Q	FREDDIE MAC	0.6767374	2	10/1/2041	25000000	 16,918,435 	 1,246,553.54 	16034930.14	14673508.93	94.7779	86.7308881	-1361421.21	4/30/2026	Model2501	100	LMMSOFRFLAT	RFRSwap	4.76	3.00	5.50	-0.03	0.048	 8,088 	0.08	0.14	0.37	1.56	2.80	0.51	0.04	5.9	6.9	71	54	0.68	4.0	2.85	56	 230,084 	NA	NA	4.52	0.04	9.28	5.10	0.05	4.74	5.78	0.05	-4.77	5.90	0.05	-9.45
HTM	612156	3133KYWE5	Agency MBS 20yr	G-2-Q	FREDDIE MAC	0.71249877	2	2/1/2042	86679343	 61,758,925 	 4,787,612.36 	61158726.34	53398887.65	99.0282	86.4634341	-7759838.69	4/30/2026	Model2501	100	LMMSOFRFLAT	RFRSwap	4.76	2.16	5.62	-0.04	0.049	 30,072 	0.08	0.14	0.36	1.54	2.89	0.58	0.04	6.1	6.7	70	54	0.71	3.5	2.79	52	 246,199 	NA	NA	4.58	0.04	9.44	5.20	0.05	4.83	5.90	0.05	-4.86	6.00	0.05	-9.60
HTM	613579	3133KYWJ4	Agency MBS 20yr	G-2-Q	FREDDIE MAC	0.70599847	2.5	3/1/2042	77164621	 54,478,104 	 4,541,941.23 	54110841.84	48822975.92	99.3259	89.6194471	-5287865.91	4/30/2026	Model2501	100	LMMSOFRFLAT	RFRSwap	4.62	2.61	5.37	-0.11	0.048	 26,264 	0.09	0.15	0.39	1.48	2.70	0.53	0.03	6.0	7.2	57	39	0.71	4.0	3.08	51	 220,656 	NA	NA	4.13	0.04	9.14	4.89	0.05	4.74	5.71	0.05	-4.85	5.88	0.05	-9.65
HTM	613364	3133KYWT2	Agency MBS 20yr	G-2-Q	FREDDIE MAC	0.68382469	3	4/1/2042	40000000	 27,352,988 	 2,784,657.22 	27449943.47	25264352.61	100.3545	92.3641431	-2185590.86	4/30/2026	Model2501	100	LMMSOFRFLAT	RFRSwap	4.59	2.91	5.04	-0.22	0.047	 12,764 	0.11	0.17	0.43	1.41	2.44	0.47	0.02	5.8	8.0	53	35	0.68	5.2	3.63	50	 215,028 	NA	NA	3.46	0.03	8.53	4.46	0.04	4.53	5.48	0.05	-4.75	5.76	0.05	-9.57
HTM	613596	3133KYXY0	Agency MBS 20yr	G-2-Q	FREDDIE MAC	0.66784437	4.5	11/1/2042	41898730	 27,981,831 	 2,988,546.21 	27406688.3	27538347.8	97.9446	98.4151032	131659.5	4/30/2026	Model2501	100	LMMSOFRFLAT	RFRSwap	4.83	4.93	3.86	-0.72	0.038	 10,656 	0.18	0.28	0.51	1.11	1.58	0.23	-0.01	5.1	9.5	66	59	0.67	7.8	5.08	43	 231,062 	NA	NA	1.30	0.01	5.19	2.58	0.03	3.31	4.55	0.04	-4.09	5.08	0.05	-8.55
AFS	612160	3133KYYE3	Agency MBS 20yr	G-2-Q	FREDDIE MAC	0.65647735	5	12/1/2042	20027254	 13,147,439 	 1,466,047.42 	12938072.98	13278772.09	98.4076	100.9989281	340699.11	4/30/2026	Model2501	100	LMMSOFRFLAT	RFRSwap	4.75	5.34	3.27	-1.10	0.033	 4,357 	0.23	0.31	0.51	0.90	1.24	0.13	-0.03	4.8	10.7	49	52	0.66	8.7	5.58	43	 226,099 	NA	NA	1.08	0.01	3.99	1.80	0.02	2.62	4.15	0.04	-3.75	4.73	0.04	-8.00
HTM	613855	3140LQHL7	Agency MBS 20yr	G-2-Q	FANNIE MAE	0.69555192	2.5	3/1/2042	25000000	 17,388,798 	 1,500,271.47 	17317913.85	15589778.12	99.5924	89.6541447	-1728135.72	4/30/2026	Model2501	100	LMMSOFRFLAT	RFRSwap	4.62	2.56	5.36	-0.12	0.048	 8,371 	0.09	0.16	0.39	1.49	2.69	0.51	0.03	6.0	7.2	57	39	0.70	4.4	3.11	51	 238,168 	NA	NA	4.10	0.04	9.11	4.87	0.05	4.73	5.70	0.05	-4.85	5.87	0.05	-9.65
PUB_HTM	614609	3140XB5W6	Agency MBS 20yr	G-2-Q	FANNIE MAE	0.74612748	2	7/1/2041	9785576	 7,301,287 	 401,573.69 	6926736.74	6345556.48	94.8701	86.910107	-581180.25	4/30/2026	Model2501	100	LMMSOFRFLAT	RFRSwap	4.72	2.98	5.40	0.05	0.047	 3,433 	0.10	0.13	0.34	1.50	2.81	0.48	0.03	5.9	6.6	69	49	0.75	1.8	2.96	59	 200,739 	NA	NA	4.64	0.04	9.32	5.11	0.05	4.70	5.60	0.05	-4.67	5.65	0.04	-9.19
AFS	614792	31287TTT2	Agency MBS 30yr	G-2-Q	FREDDIE MAC	0.0084254	6.5	6/1/2032	2212800	 18,644 	 3,608.92 	19699.89	19349.61	105.665	103.7861823	-350.28	4/30/2026	Model2501	100	LMMSOFRFLAT	RFRSwap	4.48	3.54	1.89	0.05	0.020	 4 	0.29	0.42	0.78	0.40	0.00	0.00	0.00	2.1	11.1	74	59	0.01	14.8	7.00	288	 18,644 	NA	NA	1.88	0.02	4.03	1.90	0.02	2.00	1.87	0.02	-1.95	1.85	0.02	-3.83
AFS	612885	31288ED61	Agency MBS 30yr	G-2-Q	FREDDIE MAC	0.01575524	5.5	11/1/2032	3203315	 50,469 	 6,507.65 	53196.25	50793.71	105.4038	100.6433933	-2402.54	4/30/2026	Model2501	100	LMMSOFRFLAT	RFRSwap	5.17	3.07	2.17	0.04	0.022	 11 	0.26	0.37	0.73	0.79	0.02	0.00	0.00	2.4	10.9	140	125	0.02	12.9	5.88	283	 50,469 	NA	NA	2.07	0.02	4.43	2.15	0.02	2.21	2.18	0.02	-2.18	2.17	0.02	-4.31
AFS	612764	3128KRY32	Agency MBS 30yr	G-2-Q	FREDDIE MAC	0.03177591	6	1/1/2037	3444017	 109,437 	 35,778.08 	117328.87	111764.62	107.2116	102.1271183	-5564.25	4/30/2026	Model2501	100	LMMSOFRFLAT	RFRSwap	5.03	2.92	2.24	0.04	0.023	 25 	0.25	0.37	0.72	0.87	0.03	0.00	0.00	2.5	10.7	127	110	0.03	12.2	6.44	286	 54,718 	NA	NA	2.08	0.02	4.59	2.20	0.02	2.31	2.24	0.02	-2.27	2.24	0.02	-4.50
AFS	612670	3128KWVU4	Agency MBS 30yr	G-2-Q	FREDDIE MAC	0.01312706	5.5	8/1/2037	1828883	 24,008 	 1,310.21 	25893.73	24503.68	107.8552	102.0652694	-1390.05	4/30/2026	Model2501	100	LMMSOFRFLAT	RFRSwap	4.95	3.49	3.65	0.08	0.037	 9 	0.17	0.25	0.52	1.43	1.28	0.01	0.00	4.4	9.2	108	83	0.01	18.5	6.25	227	 24,008 	NA	NA	3.27	0.04	7.47	3.54	0.04	3.77	3.68	0.04	-3.69	3.70	0.04	-7.28
AFS	612999	3128L7EG8	Agency MBS 30yr	G-2-Q	FREDDIE MAC	0.04405771	5	2/1/2038	3228512	 142,241 	 10,027.35 	151830.87	143585.82	106.7421	100.9455601	-8245.05	4/30/2026	Model2501	100	LMMSOFRFLAT	RFRSwap	4.73	3.17	3.31	-0.13	0.034	 48 	0.18	0.28	0.56	1.43	0.90	-0.03	-0.01	4.1	8.4	85	64	0.04	13.4	5.62	219	 71,120 	NA	NA	2.26	0.02	6.01	2.93	0.03	3.24	3.46	0.03	-3.39	3.50	0.03	-6.74
AFS	614078	3128LCJU1	Agency MBS 30yr	G-2-Q	FREDDIE MAC	0.23077349	5.5	11/1/2037	1203300	 277,690 	 19,867.96 	298606.38	285351.55	107.5324	102.7591257	-13254.83	4/30/2026	Model2501	100	LMMSOFRFLAT	RFRSwap	4.71	3.43	3.27	-0.12	0.034	 94 	0.19	0.28	0.55	1.40	0.91	-0.03	-0.01	4.1	9.0	84	62	0.23	4.8	6.06	234	 92,563 	NA	NA	2.40	0.03	6.16	2.94	0.03	3.28	3.42	0.03	-3.41	3.47	0.03	-6.80
AFS	613195	3128M83G7	Agency MBS 30yr	G-2-Q	FREDDIE MAC	0.05962649	3.5	11/1/2041	10021619	 597,554 	 51,759.41 	600864.92	564025.26	100.5541	94.3890076	-36839.67	4/30/2026	Model2501	100	LMMSOFRFLAT	RFRSwap	4.73	3.38	4.54	-0.06	0.043	 257 	0.12	0.20	0.47	1.39	2.11	0.26	0.00	5.5	7.3	74	50	0.06	15.4	4.22	175	 144,427 	NA	NA	3.24	0.03	8.04	4.15	0.04	4.23	4.78	0.04	-4.31	5.04	0.04	-8.64
AFS	613708	3128M9SX1	Agency MBS 30yr	G-2-Q	FREDDIE MAC	0.14069924	3.5	7/1/2043	 28,753,228.00 	 4,045,557 	 450,984.53 	4059339.08	3795536.18	100.3407	93.8198589	 (263,802.91)	4/30/2026	Model2501	100	LMMSOFRFLAT	RFRSwap	4.77	3.43	4.95	-0.11	0.047	 1,883 	0.11	0.18	0.43	1.35	2.37	0.51	0.01	6.1	7.3	72	50	0.14	11.9	3.91	155	 181,299 	NA	NA	3.60	0.04	8.73	4.50	0.04	4.58	5.28	0.05	-4.69	5.60	0.05	-9.43
AFS	613823	3128MJAK6	Agency MBS 30yr	G-2-Q	FREDDIE MAC	0.0075823	5	9/1/2034	192369	 1,459 	 341.89 	1479.43	1473.03	101.4284	100.9893896	-6.4	4/30/2026	Model2501	100	LMMSOFRFLAT	RFRSwap	4.62	4.46	2.68	0.05	0.027	 0 	0.22	0.31	0.64	1.29	0.21	-0.01	0.00	3.1	9.2	84	63	0.01	17.2	5.51	262	 72,922 	NA	NA	2.48	0.03	5.43	2.62	0.03	2.73	2.68	0.03	-2.68	2.67	0.03	-5.29
AFS	613731	3128MJAQ3	Agency MBS 30yr	G-2-Q	FREDDIE MAC	0.00945712	5	10/1/2034	200000	 1,891 	 341.62 	1921.04	1910.3	101.5657	100.997908	-10.74	4/30/2026	Model2501	100	LMMSOFRFLAT	RFRSwap	4.64	4.44	2.83	0.05	0.029	 1 	0.21	0.30	0.62	1.38	0.33	-0.01	0.00	3.3	9.4	85	63	0.01	16.5	5.66	259	 68,721 	NA	NA	2.60	0.03	5.73	2.76	0.03	2.88	2.83	0.03	-2.83	2.82	0.03	-5.58
AFS	614734	3128MJQU7	Agency MBS 30yr	G-2-Q	FREDDIE MAC	0.0602148	3.5	11/1/2041	65052482	 3,917,122 	 468,955.48 	3943410.12	3696944.1	100.6711	94.3790853	-246466.02	4/30/2026	Model2501	100	LMMSOFRFLAT	RFRSwap	4.73	3.36	4.55	-0.10	0.043	 1,686 	0.12	0.20	0.47	1.38	2.11	0.26	0.00	5.5	7.2	74	50	0.06	15.3	3.92	174	 150,137 	NA	NA	3.13	0.03	7.96	4.12	0.04	4.22	4.82	0.04	-4.34	5.08	0.04	-8.70
HTM	613421	3128MJRJ1	Agency MBS 30yr	G-2-Q	FREDDIE MAC	0.07868448	3.5	4/1/2042	87263188	 6,866,259 	 673,871.23 	6939546.29	6471784.5	101.0674	94.2548906	-467761.78	4/30/2026	Model2501	100	LMMSOFRFLAT	RFRSwap	4.74	3.28	4.63	-0.10	0.044	 3,006 	0.12	0.19	0.46	1.38	2.17	0.31	0.00	5.6	7.2	73	50	0.08	14.2	3.93	169	 165,657 	NA	NA	3.22	0.03	8.11	4.20	0.04	4.29	4.93	0.04	-4.41	5.20	0.04	-8.87
AFS	613902	3128MJT67	Agency MBS 30yr	G-2-Q	FREDDIE MAC	0.07868708	3.5	2/1/2044	39095182	 3,076,286 	 295,703.92 	3085108.24	2881314.77	100.2868	93.6621315	-203793.47	4/30/2026	Model2501	100	LMMSOFRFLAT	RFRSwap	4.78	3.44	4.93	-0.11	0.046	 1,426 	0.11	0.18	0.44	1.31	2.34	0.55	0.00	6.1	7.4	72	50	0.08	16.8	4.20	148	 157,846 	NA	NA	3.40	0.03	8.58	4.45	0.04	4.55	5.27	0.05	-4.67	5.62	0.05	-9.40
AFS	614117	3128MJUA6	Agency MBS 30yr	G-2-Q	FREDDIE MAC	0.08135016	3.5	3/1/2044	23000000	 1,871,054 	 133,025.22 	1877361.27	1751306.42	100.3371	93.6000094	-126054.85	4/30/2026	Model2501	100	LMMSOFRFLAT	RFRSwap	4.79	3.44	4.95	-0.13	0.046	 870 	0.11	0.18	0.44	1.31	2.34	0.57	0.01	6.1	7.5	72	51	0.08	16.7	4.22	147	 174,261 	NA	NA	3.37	0.03	8.56	4.45	0.04	4.55	5.31	0.05	-4.69	5.67	0.05	-9.46
AFS	614202	3128MJV56	Agency MBS 30yr	G-2-Q	FREDDIE MAC	0.13992964	3	4/1/2045	50205650	 7,025,259 	 586,109.97 	7021885.84	6379398.39	99.952	90.8065997	 (642,487.45)	4/30/2026	Model2501	100	LMMSOFRFLAT	RFRSwap	4.77	3.01	5.43	-0.14	0.049	 3,476 	0.10	0.15	0.39	1.32	2.62	0.84	0.02	6.6	7.2	67	47	0.14	14.2	3.71	133	 193,373 	NA	NA	4.03	0.04	9.34	4.95	0.05	4.87	5.85	0.05	-5.00	6.22	0.05	-10.05
AFS	613995	3128MJWA4	Agency MBS 30yr	G-2-Q	FREDDIE MAC	0.14293791	3	5/1/2045	225495498	 32,231,855 	 2,666,435.54 	32252235.89	29250312.61	100.0632	90.7497022	 (3,001,923.27)	4/30/2026	Model2501	100	LMMSOFRFLAT	RFRSwap	4.78	2.99	5.46	-0.14	0.050	 16,006 	0.10	0.15	0.39	1.32	2.64	0.85	0.02	6.6	7.2	67	47	0.14	14.1	3.71	133	 194,296 	NA	NA	4.04	0.04	9.37	4.96	0.05	4.88	5.87	0.05	-5.02	6.25	0.05	-10.08
AFS	613630	3128MJWJ5	Agency MBS 30yr	G-2-Q	FREDDIE MAC	0.15155882	3	6/1/2045	23000000	 3,485,853 	 279,350.99 	3495452.63	3136989.09	100.2754	89.9920109	-358463.55	4/30/2026	Model2501	100	LMMSOFRFLAT	RFRSwap	4.93	2.95	5.49	-0.13	0.050	 1,726 	0.10	0.15	0.38	1.32	2.65	0.87	0.02	6.6	7.2	82	63	0.15	13.8	3.71	131	 199,771 	NA	NA	4.14	0.04	9.40	5.01	0.05	4.88	5.90	0.05	-5.00	6.28	0.05	-10.05
AFS	614339	3128MJWU0	Agency MBS 30yr	G-2-Q	FREDDIE MAC	0.15921829	3	8/1/2045	25000000	 3,980,457 	 338,985.00 	3980457.25	3602176.7	100	90.4965554	-378280.55	4/30/2026	Model2501	100	LMMSOFRFLAT	RFRSwap	4.82	3.00	5.48	-0.12	0.050	 1,980 	0.10	0.15	0.39	1.31	2.64	0.89	0.02	6.6	7.2	71	51	0.16	13.7	3.80	130	 191,142 	NA	NA	4.09	0.04	9.41	5.00	0.05	4.90	5.90	0.05	-5.02	6.29	0.05	-10.09
PUB_HTM	613818	3128MJZB9	Agency MBS 30yr	G-2-Q	FREDDIE MAC	0.18918648	3	12/1/2046	5000000	 945,932 	 72,907.03 	941262.19	847400.9	99.5063	89.5836635	-93861.3	4/30/2026	Model2501	100	LMMSOFRFLAT	RFRSwap	4.92	3.08	5.82	-0.16	0.052	 495 	0.09	0.14	0.36	1.26	2.75	1.21	0.03	7.1	7.2	77	59	0.19	14.1	3.64	114	 222,882 	NA	NA	4.35	0.04	9.88	5.27	0.05	5.14	6.29	0.05	-5.28	6.71	0.05	-10.61
HTM	612887	3128MJZF0	Agency MBS 30yr	G-2-Q	FREDDIE MAC	0.19870803	3	1/1/2047	25000000	 4,967,701 	 390,197.43 	4927915.63	4449191.84	99.1991	89.5623965	-478723.79	4/30/2026	Model2501	100	LMMSOFRFLAT	RFRSwap	4.92	3.13	5.84	-0.15	0.052	 2,605 	0.09	0.14	0.36	1.27	2.76	1.21	0.03	7.1	7.1	76	59	0.20	13.8	3.58	113	 208,679 	NA	NA	4.38	0.04	9.93	5.30	0.05	5.16	6.29	0.05	-5.29	6.70	0.05	-10.62
AFS	613772	31288Q6G0	Agency MBS ARM	G-2-Q	FREDDIE MAC	0.63369309	4.31	7/1/2054	26433638	 16,750,814 	 4,177,582.22 	16702259	16702442.65	99.7101	99.7112314	183.65	4/30/2026	Model2501	100	LMMSOFRFLAT	RFRSwap	4.86	4.86	2.29	-0.57	0.023	 3,835 	0.19	0.39	0.94	1.00	-0.09	-0.11	-0.05	4.0	23.0	80	93	0.63	20.8	4.95	36	 420,236 	#SPILL!	#SPILL!	0.80	0.01	3.01	1.47	0.02	1.94	2.82	0.03	-2.54	3.25	0.03	-5.46
AFS	613617	31288QWN6	Agency MBS ARM	G-2-Q	FREDDIE MAC	0.72229062	4.393	2/1/2053	28850491	 20,838,439 	 2,378,095.91 	20476364.34	20754879.06	98.2625	99.5990104	278514.71	4/30/2026	Model2501	100	LMMSOFRFLAT	RFRSwap	4.94	5.35	2.20	-0.44	0.022	 4,591 	0.19	0.34	1.27	0.58	-0.06	-0.10	-0.05	3.9	23.5	91	99	0.72	8.5	5.02	42	 377,635 	#SPILL!	#SPILL!	0.90	0.01	3.10	1.54	0.02	1.92	2.63	0.03	-2.40	2.98	0.03	-5.09
AFS	613745	31288QXK1	Agency MBS ARM	G-2-Q	FREDDIE MAC	0.77925984	4.466	2/1/2053	50000000	 38,962,992 	 5,143,721.70 	38152270.15	38775368.32	97.9193	99.5184567	623098.17	4/30/2026	Model2501	100	LMMSOFRFLAT	RFRSwap	4.88	5.38	2.18	-0.48	0.022	 8,486 	0.21	0.30	1.20	0.74	-0.13	-0.11	-0.05	3.7	24.2	86	95	0.78	7.2	5.10	39	 399,413 	#SPILL!	#SPILL!	0.93	0.01	2.98	1.42	0.01	1.85	2.60	0.03	-2.38	2.92	0.03	-5.03
AFS	614593	31288QXL9	Agency MBS ARM	G-2-Q	FREDDIE MAC	0.70799446	4.564	2/1/2053	14246371	 10,086,352 	 1,808,712.35 	9934029.02	10068677.93	98.4898	99.824775	134648.91	4/30/2026	Model2501	100	LMMSOFRFLAT	RFRSwap	4.89	5.32	2.07	-0.52	0.021	 2,095 	0.22	0.32	1.18	0.61	-0.11	-0.11	-0.05	3.7	24.3	86	95	0.71	10.4	5.19	40	 391,741 	#SPILL!	#SPILL!	0.90	0.01	2.82	1.34	0.01	1.75	2.51	0.02	-2.29	2.83	0.03	-4.88
AFS	614741	31288RE95	Agency MBS ARM	G-2-Q	FREDDIE MAC	0.89450461	5.187	5/1/2055	70000000	 62,615,323 	 6,594,185.30 	62394991.65	63001239.28	99.6481	100.6163293	606247.63	4/30/2026	Model2501	100	LMMSOFRFLAT	RFRSwap	4.98	5.27	2.20	-1.16	0.022	 13,941 	0.27	0.32	0.48	1.23	0.11	-0.16	-0.05	3.8	23.3	77	107	0.89	10.3	5.85	12	 497,471 	#SPILL!	#SPILL!	1.09	0.01	2.76	1.22	0.01	1.69	3.13	0.03	-2.72	3.62	0.03	-6.00
AFS	613399	3128HDGF0	Agency MBS ARM	G-2-Q	FREDDIE MAC	0.00001652	6.06	8/1/2027	18748881	 310 	 2,039.92 	309.73	308.5	100	99.6019994	-1.24	4/30/2026	Model2501	100	LMMSOFRFLAT	RFRSwap	4.43	2.47	0.21	0.00	0.002	 0 	0.21	0.00	0.00	0.00	0.00	0.00	0.00	0.2	22.9	68	63	0.00	21.7	6.75	357	 NA 	WELLS FARGO BANK, NATIONAL ASSOCIATION	100	0.21	0.00	0.41	0.21	0.00	0.21	0.21	0.00	-0.21	0.20	0.00	-0.41
AFS	613484	3128HDN21	Agency MBS ARM	G-2-Q	FREDDIE MAC	0.00006553	5.89	7/1/2028	2310000	 151 	 364.64 	151.37	150.8	100	99.6206906	-0.57	4/30/2026	Model2501	100	LMMSOFRFLAT	RFRSwap	4.55	2.98	0.25	0.00	0.002	 0 	0.25	0.00	0.00	0.00	0.00	0.00	0.00	0.2	18.7	78	75	0.00	20.3	6.38	344	 NA 	FIFTH THIRD BANK, NATIONAL ASSOCIATION	100	0.25	0.00	0.50	0.25	0.00	0.25	0.24	0.00	-0.25	0.24	0.00	-0.49
AFS	614033	3128HDW88	Agency MBS ARM	G-2-Q	FREDDIE MAC	0.00028331	6.25	1/1/2032	10004677	 2,834 	 390.30 	2840.04	2880.61	100.198	101.6292979	40.57	4/30/2026	Model2501	100	LMMSOFRFLAT	RFRSwap	5.11	5.79	0.33	0.01	0.003	 0 	0.12	0.00	0.06	0.13	0.00	-0.01	0.00	2.3	13.2	134	117	0.00	25.3	6.88	296	 30,543 	JPMORGAN CHASE BANK, NATIONAL ASSOCIATIO	100	0.98	0.01	0.96	0.36	0.00	0.35	0.32	0.00	-0.33	0.50	0.01	-0.69
AFS	614637	3128JMXY8	Agency MBS ARM	G-2-Q	FREDDIE MAC	0.00153648	6.5	10/1/2034	15092002	 23,189 	 2,562.38 	23524.42	23767.4	101.4484	102.4962295	242.98	4/30/2026	Model2501	100	LMMSOFRFLAT	RFRSwap	5.32	5.64	0.58	0.00	0.006	 1 	-0.09	-0.01	0.10	0.31	0.22	0.00	0.00	3.7	8.8	148	149	0.00	23.3	7.00	258	 23,189 	JPMORGAN CHASE BANK, NATIONAL ASSOCIATIO	100	1.20	0.01	1.51	0.64	0.01	0.61	0.60	0.01	-0.61	0.85	0.01	-1.30
AFS	612640	3128JNJ22	Agency MBS ARM	G-2-Q	FREDDIE MAC	0.00459883	6.524	9/1/2036	24593053	 113,099 	 224,169.94 	121532.51	116328.76	107.4565	102.8554513	-5203.74	4/30/2026	Model2501	100	LMMSOFRFLAT	RFRSwap	5.26	3.92	0.47	-0.01	0.005	 5 	-0.16	0.05	0.15	0.19	0.21	-0.02	-0.01	3.8	12.7	139	139	0.00	21.7	7.00	235	 59,164 	#SPILL!	#SPILL!	1.07	0.01	1.26	0.51	0.01	0.49	0.49	0.01	-0.49	0.71	0.01	-1.06
AFS	614354	3128JPAB6	Agency MBS ARM	G-2-Q	FREDDIE MAC	0.00271351	5.875	1/1/2038	42322221	 114,842 	 5,361.26 	118562.63	117695.46	103.24	102.4848845	-867.18	4/30/2026	Model2501	100	LMMSOFRFLAT	RFRSwap	5.27	5.07	0.82	-0.04	0.008	 10 	0.22	-0.04	0.10	0.12	0.33	-0.02	-0.01	4.2	11.9	137	136	0.00	25.6	6.50	219	 61,184 	JPMORGAN CHASE BANK, NATIONAL ASSOCIATIO	100	0.99	0.01	1.75	0.83	0.01	0.84	0.95	0.01	-0.88	1.40	0.01	-2.05
AFS	613863	3128JR3S3	Agency MBS ARM	G-2-Q	FREDDIE MAC	0.00365876	5.939	1/1/2037	23348935	 85,428 	 8,781.75 	88392.86	87465.54	103.4704	102.38492	-927.32	4/30/2026	Model2501	100	LMMSOFRFLAT	RFRSwap	5.27	4.95	0.76	-0.05	0.008	 7 	0.19	-0.03	0.11	0.14	0.29	-0.03	-0.01	3.8	12.8	138	138	0.00	25.2	6.49	231	 85,847 	JPMORGAN CHASE BANK, NATIONAL ASSOCIATIO	100	0.93	0.01	1.61	0.76	0.01	0.77	0.88	0.01	-0.82	1.32	0.01	-1.91
AFS	614456	3128JRRJ7	Agency MBS ARM	G-2-Q	FREDDIE MAC	0.02051387	6.162	1/1/2037	9515201	 195,194 	 9,990.64 	200876.61	200745.03	102.9115	102.8440662	-131.58	4/30/2026	Model2501	100	LMMSOFRFLAT	RFRSwap	5.26	5.24	0.75	-0.12	0.008	 15 	0.32	0.01	0.14	0.09	0.18	-0.07	-0.02	3.5	15.0	137	139	0.02	15.9	6.50	230	 195,194 	ROCKET MORTGAGE, LLC	100	0.90	0.01	1.55	0.71	0.01	0.75	0.91	0.01	-0.84	1.32	0.01	-1.97
AFS	612524	3128JRXD3	Agency MBS ARM	G-2-Q	FREDDIE MAC	0.00676441	6.371	2/1/2038	20000000	 135,288 	 6,357.87 	139547.08	139567.99	103.148	103.163464	20.91	4/30/2026	Model2501	100	LMMSOFRFLAT	RFRSwap	5.35	5.36	0.71	-0.06	0.007	 10 	0.16	0.00	0.13	0.11	0.26	-0.04	-0.01	4.1	12.6	145	145	0.01	21.8	6.71	220	 88,291 	#SPILL!	#SPILL!	0.96	0.01	1.59	0.73	0.01	0.73	0.81	0.01	-0.78	1.17	0.01	-1.76
AFS	613357	3128LLCD6	Agency MBS ARM	G-2-Q	FREDDIE MAC	0.01190329	6.14	12/1/2041	40309953	 479,821 	 20,287.19 	494975.8	499719	103.1584	104.1469499	4743.21	4/30/2026	Model2501	100	LMMSOFRFLAT	RFRSwap	5.00	5.29	1.07	-0.71	0.011	 54 	0.26	0.26	0.32	0.09	0.30	-0.13	-0.06	4.0	16.4	81	107	0.01	24.1	6.50	171	 182,345 	WELLS FARGO BANK, NATIONAL ASSOCIATION	100	0.64	0.01	1.39	0.58	0.01	0.83	1.98	0.02	-1.55	3.03	0.03	-4.12
AFS	612158	3128LLK21	Agency MBS ARM	G-2-Q	FREDDIE MAC	0.01073777	6.14	3/1/2042	40040026	 429,941 	 129,238.91 	440993.16	444703.78	102.5707	103.4337741	3710.62	4/30/2026	Model2501	100	LMMSOFRFLAT	RFRSwap	5.18	5.43	1.08	-0.57	0.011	 48 	0.41	0.19	0.27	0.05	0.27	-0.12	-0.05	4.0	17.1	104	123	0.01	25.1	6.50	168	 178,191 	WELLS FARGO BANK, NATIONAL ASSOCIATION	100	0.68	0.01	1.51	0.66	0.01	0.89	1.85	0.02	-1.47	2.83	0.03	-3.85
AFS	614400	3128LLLF1	Agency MBS ARM	G-2-Q	FREDDIE MAC	0.01903826	5.962	3/1/2042	49913925	 950,274 	 27,705.12 	977079.9	986756.85	102.8208	103.8391624	9676.96	4/30/2026	Model2501	100	LMMSOFRFLAT	RFRSwap	5.20	5.45	1.39	-0.68	0.015	 138 	0.39	0.15	0.23	0.07	0.57	-0.02	-0.06	4.9	12.2	99	118	0.02	22.1	6.46	168	 153,455 	JPMORGAN CHASE BANK, NATIONAL ASSOCIATIO	100	0.61	0.01	1.88	0.87	0.01	1.16	2.30	0.02	-1.87	3.30	0.03	-4.72
AFS	614624	3128LUL46	Agency MBS ARM	G-2-Q	FREDDIE MAC	0.00796267	5.75	3/1/2037	25166459	 200,392 	 10,184.88 	206056.56	204649.78	102.8266	102.1246195	-1406.79	4/30/2026	Model2501	100	LMMSOFRFLAT	RFRSwap	5.23	5.01	0.84	-0.14	0.009	 17 	0.40	0.01	0.13	0.06	0.21	-0.09	-0.02	3.7	13.5	133	135	0.01	20.9	6.38	229	 200,392 	ROCKET MORTGAGE, LLC	100	0.94	0.01	1.69	0.79	0.01	0.82	1.03	0.01	-0.94	1.45	0.01	-2.18
AFS	613349	3128LUUV6	Agency MBS ARM	G-2-Q	FREDDIE MAC	0.00475477	6.835	9/1/2037	50007981	 237,776 	 11,186.62 	245473.35	246799.98	103.237	103.7949662	1326.64	4/30/2026	Model2501	100	LMMSOFRFLAT	RFRSwap	5.49	5.64	0.47	-0.09	0.005	 12 	-0.13	0.09	0.18	0.14	0.22	-0.06	-0.02	4.4	9.5	156	156	0.00	23.6	7.09	223	 237,776 	ROCKET MORTGAGE, LLC	100	0.98	0.01	1.19	0.47	0.00	0.47	0.52	0.01	-0.53	0.80	0.01	-1.16
AFS	612760	3128LUXG6	Agency MBS ARM	G-2-Q	FREDDIE MAC	0.00510307	6.5	10/1/2037	50093496	 255,631 	 12,105.87 	264321.39	262496.92	103.3997	102.6860272	-1824.47	4/30/2026	Model2501	100	LMMSOFRFLAT	RFRSwap	5.36	5.15	0.52	-0.08	0.005	 14 	-0.01	0.09	0.19	0.12	0.16	-0.07	-0.02	3.9	12.5	144	145	0.01	23.5	7.00	222	 255,631 	JPMORGAN CHASE BANK, NATIONAL ASSOCIATIO	100	0.97	0.01	1.24	0.53	0.01	0.52	0.58	0.01	-0.57	0.80	0.01	-1.23
PUB_HTM	613575	3133N3W91	Agency MBS Other	G-2-Q	FREDDIE MAC	0.61307741	2	11/1/2050	39199446	 24,032,295 	 1,170,351.11 	22292874.88	18884808.23	92.7622	78.580961	 (3,408,066.65)	4/30/2026	Model2501	100	LMMSOFRFLAT	RFRSwap	5.25	2.95	7.96	0.10	0.063	 15,070 	0.05	0.07	0.18	1.06	3.49	2.86	0.29	9.2	5.2	97	85	0.61	6.3	2.91	67	 540,183 	NA	NA	6.50	0.06	12.49	7.39	0.06	6.27	8.31	0.06	-6.17	8.45	0.06	-12.02
PUB_HTM	613637	3133N3XM1	Agency MBS Other	G-2-Q	FREDDIE MAC	0.72684748	1.5	12/1/2050	88439269	 64,281,860 	 2,458,250.41 	57596046.59	47993612.8	89.5992	74.6612076	 (9,602,433.79)	4/30/2026	Model2501	100	LMMSOFRFLAT	RFRSwap	5.30	2.85	8.41	0.44	0.063	 40,435 	0.04	0.06	0.14	1.01	3.69	3.15	0.34	9.3	4.9	103	92	0.73	3.3	2.55	66	 547,904 	NA	NA	7.29	0.06	12.88	7.92	0.06	6.37	8.64	0.06	-6.11	8.67	0.05	-11.83
AFS	613235	31371MPX9	Agency MBS Other	G-2-Q	FANNIE MAE	0.00476213	5	1/1/2036	10000000	 47,621 	 4,836.82 	49326.76	47280.19	103.5813	99.2837057	-2046.57	4/30/2026	Model2501	100	LMMSOFRFLAT	RFRSwap	5.18	3.82	3.06	0.08	0.031	 15 	0.19	0.29	0.60	1.50	0.49	0.00	0.00	3.5	8.2	137	115	0.00	22.0	5.88	247	 86,355 	NA	NA	2.89	0.03	6.18	3.02	0.03	3.08	3.07	0.03	-3.01	3.05	0.03	-5.93
AFS	614050	31371NRS6	Agency MBS Other	G-2-Q	FANNIE MAE	0.00324624	5.5	2/1/2038	10749972	 34,897 	 9,383.95 	37208.39	35363.94	106.6235	101.3380945	-1844.45	4/30/2026	Model2501	100	LMMSOFRFLAT	RFRSwap	5.13	3.87	3.78	-0.05	0.038	 13 	0.17	0.25	0.52	1.40	1.45	0.01	-0.01	4.7	7.7	121	98	0.00	25.7	6.18	220	 177,993 	NA	NA	3.10	0.03	7.34	3.50	0.04	3.79	3.92	0.04	-3.85	3.97	0.04	-7.64
AFS	613858	31390KSP4	Agency MBS Other	G-2-Q	FANNIE MAE	0.00020796	7.5	5/1/2032	1000000	 208 	 111.05 	211.36	209.77	101.6359	100.8719533	-1.59	4/30/2026	Model2501	100	LMMSOFRFLAT	RFRSwap	5.82	4.84	0.77	0.01	0.008	 0 	0.60	0.17	0.00	0.00	0.00	0.00	0.00	0.8	14.1	203	208	0.00	27.5	8.25	289	 NA 	NA	NA	0.79	0.01	1.59	0.78	0.01	0.79	0.76	0.01	-0.78	0.76	0.01	-1.54
AFS	613608	31403YC76	Agency MBS Other	G-2-Q	FANNIE MAE	0.05354744	5.5	8/1/2033	992043	 53,121 	 4,953.72 	52776.04	53075.2	99.3499	99.9131013	299.15	4/30/2026	Model2501	100	LMMSOFRFLAT	RFRSwap	5.45	5.67	2.57	0.07	0.026	 14 	0.23	0.33	0.68	1.17	0.16	0.00	0.00	2.9	11.1	167	149	0.05	8.8	5.89	276	 26,561 	NA	NA	2.55	0.03	5.28	2.56	0.03	2.61	2.56	0.03	-2.54	2.55	0.02	-5.01
AFS	614167	31403YCJ0	Agency MBS Other	G-2-Q	FANNIE MAE	0.01590928	5.25	5/1/2028	3487901	 55,490 	 28,118.66 	55130.68	55564.91	99.3525	100.1350055	434.23	4/30/2026	Model2501	100	LMMSOFRFLAT	RFRSwap	4.74	5.66	0.86	0.01	0.009	 5 	0.59	0.28	0.00	0.00	0.00	0.00	0.00	0.9	9.4	97	98	0.02	9.2	5.62	273	 NA 	NA	NA	0.88	0.01	1.76	0.87	0.01	0.87	0.86	0.01	-0.86	0.85	0.01	-1.71
AFS	614170	31403YCL5	Agency MBS Other	G-2-Q	FANNIE MAE	0.00363157	5.75	11/1/2027	8098232	 29,409 	 18,778.03 	29301.66	29431.51	99.634	100.0755311	129.85	4/30/2026	Model2501	100	LMMSOFRFLAT	RFRSwap	5.01	5.79	0.57	0.01	0.006	 2 	0.56	0.02	0.00	0.00	0.00	0.00	0.00	0.6	9.4	125	131	0.00	NA	6.12	278	 NA 	NA	NA	0.58	0.01	1.17	0.58	0.01	0.58	0.57	0.01	-0.57	0.57	0.01	-1.14
AFS	612163	31403YCN1	Agency MBS Other	G-2-Q	FANNIE MAE	0.00222561	6.25	2/1/2027	4574137	 10,180 	 9,163.28 	10180.25	10171.04	100	99.9096052	-9.2	4/30/2026	Model2501	100	LMMSOFRFLAT	RFRSwap	5.55	5.34	0.43	0.00	0.004	 0 	0.43	0.00	0.00	0.00	0.00	0.00	0.00	0.4	9.4	177	185	0.00	NA	6.63	277	 10,180 	NA	NA	0.43	0.00	0.86	0.43	0.00	0.43	0.42	0.00	-0.42	0.42	0.00	-0.84
AFS	614198	31411CNN7	Agency MBS Other	G-2-Q	FANNIE MAE	0.00349585	5.5	1/1/2037	18100000	 63,275 	 3,623.40 	67494.63	63027.94	106.6689	99.6097283	 (4,466.69)	4/30/2026	Model2501	100	LMMSOFRFLAT	RFRSwap	5.57	3.75	3.62	0.03	0.036	 23 	0.17	0.26	0.53	1.45	1.21	0.00	0.00	4.4	8.4	168	146	0.00	24.0	6.38	233	 80,248 	NA	NA	3.14	0.03	7.11	3.46	0.04	3.62	3.70	0.04	-3.60	3.74	0.03	-7.12
PUB_HTM	613651	31418CBM5	Agency MBS Other	G-2-Q	FANNIE MAE	0.10663034	3	9/1/2046	8951739	 954,527 	 82,387.21 	931087.94	840608.07	97.5444	88.0654077	-90479.87	4/30/2026	Model2501	100	LMMSOFRFLAT	RFRSwap	5.12	3.39	6.03	-0.15	0.053	 508 	0.08	0.13	0.35	1.27	2.87	1.29	0.04	7.3	6.5	95	79	0.11	18.7	3.77	117	 396,985 	NA	NA	4.35	0.04	9.99	5.43	0.05	5.23	6.53	0.05	-5.38	6.88	0.05	-10.77
PUB_HTM	614283	31418CCP7	Agency MBS Other	G-2-Q	FANNIE MAE	0.09965491	3	10/1/2046	10500000	 1,046,377 	 67,461.05 	1020779.37	921495.89	97.5537	88.0654179	-99283.48	4/30/2026	Model2501	100	LMMSOFRFLAT	RFRSwap	5.10	3.39	6.08	-0.15	0.054	 561 	0.08	0.13	0.35	1.26	2.89	1.32	0.04	7.3	6.4	93	77	0.10	19.4	3.71	117	 400,003 	NA	NA	4.38	0.04	10.06	5.47	0.05	5.27	6.56	0.05	-5.42	6.89	0.05	-10.83
PUB_HTM	614607	31418CDR2	Agency MBS Other	G-2-Q	FANNIE MAE	0.09788685	3	11/1/2046	15000000	 1,468,303 	 70,429.27 	1438282.87	1293067.57	97.9555	88.0654601	-145215.3	4/30/2026	Model2501	100	LMMSOFRFLAT	RFRSwap	5.10	3.32	6.09	-0.16	0.054	 790 	0.08	0.13	0.35	1.27	2.89	1.34	0.04	7.4	6.4	93	77	0.10	19.7	3.64	116	 396,965 	NA	NA	4.38	0.04	10.07	5.48	0.05	5.28	6.58	0.05	-5.43	6.90	0.05	-10.85
PUB_HTM	613020	31418CFL3	Agency MBS Other	G-2-Q	FANNIE MAE	0.12873243	3	1/1/2047	15000000	 1,930,986 	 135,113.96 	1883701.28	1700529.87	97.5512	88.0653445	-183171.41	4/30/2026	Model2501	100	LMMSOFRFLAT	RFRSwap	5.09	3.38	6.12	-0.15	0.054	 1,044 	0.08	0.13	0.35	1.26	2.91	1.36	0.04	7.4	6.4	91	75	0.13	17.7	3.62	114	 399,452 	NA	NA	4.43	0.04	10.15	5.52	0.05	5.31	6.60	0.05	-5.46	6.92	0.05	-10.89
PUB_HTM	613429	31418CGJ7	Agency MBS Other	G-2-Q	FANNIE MAE	0.18141055	3	1/1/2047	15000000	 2,721,158 	 204,229.35 	2656196.49	2396373.29	97.6127	88.064459	-259823.2	4/30/2026	Model2501	100	LMMSOFRFLAT	RFRSwap	5.06	3.37	6.19	-0.14	0.055	 1,487 	0.08	0.13	0.35	1.25	2.94	1.41	0.04	7.5	6.1	88	71	0.18	14.8	3.61	113	 407,883 	NA	NA	4.47	0.04	10.25	5.57	0.05	5.37	6.67	0.06	-5.51	6.97	0.05	-10.98
PUB_HTM	614189	31418D3A8	Agency MBS Other	G-2-Q	FANNIE MAE	0.67561115	2.5	7/1/2051	15000000	 10,134,167 	 533,169.91 	9595313.6	8345116.32	94.6828	82.3463449	 (1,250,197.28)	4/30/2026	Model2501	100	LMMSOFRFLAT	RFRSwap	5.15	3.21	7.67	-0.18	0.063	 6,420 	0.05	0.08	0.23	1.05	3.21	2.76	0.31	9.3	5.6	85	74	0.68	5.7	3.24	59	 606,306 	NA	NA	5.75	0.05	12.16	6.92	0.06	6.25	8.16	0.06	-6.31	8.36	0.06	-12.38
PUB_HTM	613126	31418D5P3	Agency MBS Other	G-2-Q	FANNIE MAE	0.79660002	2	9/1/2051	25000000	 19,915,001 	 874,043.21 	18380640.17	15648958.79	92.2955	78.5787517	 (2,731,681.38)	4/30/2026	Model2501	100	LMMSOFRFLAT	RFRSwap	5.10	2.98	8.26	0.15	0.065	 12,949 	0.04	0.07	0.18	1.01	3.45	3.15	0.38	9.7	5.0	81	69	0.80	2.4	2.82	57	 604,279 	NA	NA	6.59	0.06	12.86	7.58	0.06	6.49	8.56	0.06	-6.37	8.66	0.06	-12.36
PUB_HTM	613804	31418DD74	Agency MBS Other	G-2-Q	FANNIE MAE	0.03817143	3.5	7/1/2049	25000000	 954,286 	 88,267.22 	944264.02	867022.65	98.9498	90.8556636	 (77,241.36)	4/30/2026	Model2501	100	LMMSOFRFLAT	RFRSwap	5.05	3.66	6.03	-0.30	0.055	 525 	0.09	0.13	0.36	1.12	2.58	1.68	0.09	7.7	7.3	77	66	0.04	36.7	4.47	83	 528,053 	NA	NA	3.33	0.03	9.56	5.10	0.05	5.27	6.72	0.06	-5.63	7.17	0.06	-11.40
PUB_HTM	614381	31418DDJ8	Agency MBS Other	G-2-Q	FANNIE MAE	0.04483775	3.5	6/1/2049	23380343	 1,048,322 	 144,704.14 	1037791.47	947271.35	98.9955	90.3607261	-90520.12	4/30/2026	Model2501	100	LMMSOFRFLAT	RFRSwap	5.16	3.65	6.10	-0.34	0.055	 580 	0.08	0.13	0.38	1.18	2.60	1.65	0.11	7.5	7.7	88	79	0.04	34.9	4.49	84	 512,874 	NA	NA	3.31	0.03	9.52	5.12	0.05	5.29	6.81	0.06	-5.66	7.38	0.06	-11.51
PUB_HTM	613970	31418DE32	Agency MBS Other	G-2-Q	FANNIE MAE	0.0466688	3.5	8/1/2049	5000000	 233,344 	 19,545.96 	230947.23	210852.06	98.9729	90.3610391	 (20,095.16)	4/30/2026	Model2501	100	LMMSOFRFLAT	RFRSwap	5.09	3.65	6.23	-0.27	0.056	 132 	0.07	0.13	0.37	1.16	2.68	1.74	0.09	7.9	6.9	81	70	0.05	35.2	4.50	82	 526,102 	NA	NA	3.54	0.04	9.89	5.28	0.05	5.43	6.93	0.06	-5.77	7.41	0.06	-11.67
233_PUB_HTM	612346	000416V38	MUNI	IG-2	ABC CA UNIF SCH DIST		3	8/1/2036	 580,000 	 580,000 	 -   	579951.94	549686.24	99.9917	94.77349	-30265.69	4/30/2026	Muni	100	Single	RFRSwap	3.61	3.00	6.95	-0.47	0.066	 385 	-0.01	-0.01	0.49	0.77	5.59	0.13	0.00	7.1	0.0	-68.6	-37	0.00	0.00	0.00	0.00	0.00	0.00	0.00	3.22	0.04	16.53	4.40	0.05	12.46	7.07	0.07	0.40	7.63	0.07	-6.44
233_PUB_HTM	611322	005104HJ6	MUNI	IG-2	ACUSHNET MA	1	3.5	8/1/2034	935000	 935,000 	 -   	935000	935134.36	100	100.01437	134.36	4/30/2026	Muni	100	Single	RFRSwap	3.50	3.50	0.72	-2.34	0.007	 68 	0.15	0.03	0.04	0.22	0.13	0.00	0.00	0.4	0.0	-159.4	-47	0.00	0.00	0.00	0.00	0.00	0.00	0.00	0.08	0.00	0.42	0.09	0.00	0.33	0.32	0.00	0.12	3.31	0.03	-1.58
233_PUB_HTM	611540	0054823B8	MUNI	IG-2	ADAMS & ARAPAHOE CNTYS CO JT S		5	12/1/2031	3000000	 3,000,000 	 -   	3048803.15	3041841	101.6268	101.3947	-6962.15	4/30/2026	Muni	100	Single	RFRSwap	4.71	4.66	0.92	-0.66	0.010	 285 	0.55	0.04	0.04	0.22	0.02	0.00	0.00	0.8	0.0	-138.4	-116	0.00	0.00	0.00	0.00	0.00	0.00	0.00	0.58	0.01	2.23	0.58	0.01	1.61	0.67	0.01	0.39	1.35	0.01	-0.59
233_PUB_HTM	611962	010824MA5	MUNI	IG-2	ALAMEDA CA UNIF SCH DIST ALAME		3	8/1/2037	1275000	 1,275,000 	 -   	1255623.97	1195374.08	98.4803	93.75483	-60249.89	4/30/2026	Muni	100	Single	RFRSwap	3.68	3.16	7.07	-1.27	0.067	 852 	0.05	0.15	0.24	0.57	5.41	0.71	0.00	7.4	0.0	-68.5	-34	0.00	0.00	0.00	0.00	0.00	0.00	0.00	1.22	0.01	10.89	1.89	0.02	9.44	6.97	0.07	0.31	7.98	0.07	-6.60
233_PUB_HTM	611859	010824MB3	MUNI	IG-2	ALAMEDA CA UNIF SCH DIST ALAME		3	8/1/2038	1000000	 1,000,000 	 -   	971591.65	927658.1	97.1592	92.76581	-43933.55	4/30/2026	Muni	100	Single	RFRSwap	3.74	3.28	7.75	-1.18	0.072	 724 	0.04	0.13	0.21	0.52	5.42	1.42	0.00	8.1	0.0	-66.3	-33	0.00	0.00	0.00	0.00	0.00	0.00	0.00	1.22	0.01	11.85	2.13	0.02	10.33	7.61	0.07	0.16	8.58	0.07	-7.21
233_PUB_HTM	612147	012104QK4	MUNI	IG-2	ALBANY CA UNIF SCH DIST		4	8/1/2032	280000	 280,000 	 -   	281200.32	280498.74	100.4287	100.17812	-701.58	4/30/2026	Muni	100	Single	RFRSwap	3.97	3.92	1.09	-1.38	0.011	 31 	0.33	0.10	0.11	0.52	0.14	0.00	0.00	0.9	0.0	-169.1	-49	0.00	0.00	0.00	0.00	0.00	0.00	0.00	0.22	0.00	1.12	0.26	0.00	0.85	0.54	0.01	0.27	2.40	0.02	-1.14
233_PUB_HTM	611680	012104QL2	MUNI	IG-2	ALBANY CA UNIF SCH DIST		4	8/1/2033	355000	 355,000 	 -   	356506.71	355556.68	100.4244	100.15681	-950.03	4/30/2026	Muni	100	Single	RFRSwap	3.97	3.93	1.20	-1.56	0.012	 43 	0.32	0.10	0.11	0.48	0.30	0.00	0.00	1.0	0.0	-175.5	-40	0.00	0.00	0.00	0.00	0.00	0.00	0.00	0.22	0.00	1.15	0.26	0.00	0.89	0.73	0.01	0.27	3.04	0.03	-1.54
233_PUB_HTM	611725	012104QM0	MUNI	IG-2	ALBANY CA UNIF SCH DIST		4	8/1/2034	410000	 410,000 	 -   	411690.17	410561.45	100.4122	100.13694	-1128.72	4/30/2026	Muni	100	Single	RFRSwap	3.98	3.94	1.32	-1.73	0.013	 55 	0.32	0.10	0.10	0.41	0.48	0.00	0.00	1.1	0.0	-180.2	-32	0.00	0.00	0.00	0.00	0.00	0.00	0.00	0.22	0.00	1.19	0.26	0.00	0.92	0.97	0.01	0.25	3.57	0.04	-2.02
233_PUB_HTM	611288	0153023Y6	MUNI	IG-2	ALEXANDRIA VA		3	7/15/2033	4980000	 4,980,000 	 -   	5018107.47	4967288.05	100.7652	99.74474	-50819.42	4/30/2026	Muni	100	Single	RFRSwap	3.04	2.88	3.14	-1.57	0.032	 1,575 	0.40	0.36	0.26	1.32	0.81	0.00	0.00	2.8	0.0	-163.0	-80	0.00	0.00	0.00	0.00	0.00	0.00	0.00	1.18	0.01	5.99	1.22	0.01	4.71	3.12	0.03	0.80	4.36	0.04	-2.98
233_PUB_HTM	612182	01728VUW8	MUNI	IG-2	ALLEGHENY CNTY PA		2	11/1/2034	460000	 460,000 	 -   	409738.19	391315.7	89.0735	85.06863	-18422.5	4/30/2026	Muni	100	Single	RFRSwap	4.10	3.50	7.42	0.53	0.064	 294 	-0.02	-0.03	-0.07	2.24	5.29	0.00	0.00	8.1	0.0	17.4	19	0.00	0.00	0.00	0.00	0.00	0.00	0.00	5.90	0.06	20.42	7.04	0.07	13.64	7.48	0.06	-0.01	7.44	0.06	-6.20
233_PUB_HTM	611257	01728VUX6	MUNI	IG-2	ALLEGHENY CNTY PA		3	11/1/2035	1000000	 1,000,000 	 -   	1004824.84	938722.6	100.4825	93.87226	-66102.24	4/30/2026	Muni	100	Single	RFRSwap	3.77	2.94	7.08	0.05	0.067	 675 	-0.01	-0.01	0.10	1.57	5.41	0.00	0.00	7.7	0.0	-35.9	-17	0.00	0.00	0.00	0.00	0.00	0.00	0.00	4.55	0.05	19.42	5.64	0.06	13.76	7.19	0.07	0.32	7.43	0.07	-6.44
233_PUB_HTM	612565	01728VVB3	MUNI	IG-2	ALLEGHENY CNTY PA		3	11/1/2039	540000	 540,000 	 -   	533765.23	474865.42	98.8454	87.93804	-58899.81	4/30/2026	Muni	100	Single	RFRSwap	4.18	3.11	9.56	0.38	0.085	 462 	-0.01	-0.01	0.02	0.50	6.09	2.96	0.00	10.9	0.0	-11.4	6	0.00	0.00	0.00	0.00	0.00	0.00	0.00	5.14	0.06	23.95	7.42	0.08	17.05	9.68	0.09	-0.20	9.88	0.08	-8.53
233_PUB_HTM	611669	021087VQ1	MUNI	IG-2	ALPINE UT SCH DIST		4	3/15/2031	3460000	 3,460,000 	 -   	3510141.96	3493657.15	101.4492	100.97275	-16484.8	4/30/2026	Muni	100	Single	RFRSwap	3.78	3.67	1.50	-0.87	0.015	 526 	0.69	0.14	0.15	0.51	0.00	0.00	0.00	1.3	0.0	-121.3	-87	0.00	0.00	0.00	0.00	0.00	0.00	0.00	0.84	0.01	3.49	0.87	0.01	2.57	1.33	0.01	0.61	2.33	0.02	-1.20
233_PUB_HTM	611568	021087VT5	MUNI	IG-2	ALPINE UT SCH DIST		3.25	3/15/2034	1540000	 1,540,000 	 -   	1546188.03	1536905.99	100.4018	99.79909	-9282.04	4/30/2026	Muni	100	Single	RFRSwap	3.28	3.19	2.86	-1.95	0.029	 441 	0.48	0.21	0.21	0.98	0.95	0.00	0.00	2.4	0.0	-153.5	-59	0.00	0.00	0.00	0.00	0.00	0.00	0.00	0.85	0.01	4.48	0.88	0.01	3.56	2.85	0.03	0.56	4.57	0.04	-3.18
233_PUB_HTM	612972	022447K39	MUNI	IG-2	ALVIN TX INDEP SCH DIST		4	2/15/2029	500000	 500,000 	 -   	506597.28	504548.65	101.3195	100.90973	-2048.63	4/30/2026	Muni	100	Single	RFRSwap	3.65	3.50	1.11	-0.44	0.011	 56 	0.66	0.20	0.26	0.00	0.00	0.00	0.00	1.0	0.0	-113.5	-92	0.00	0.00	0.00	0.00	0.00	0.00	0.00	0.76	0.01	3.06	0.79	0.01	2.23	0.95	0.01	0.55	1.45	0.01	-0.65
233_PUB_HTM	612874	022447K47	MUNI	IG-2	ALVIN TX INDEP SCH DIST		4	2/15/2030	250000	 250,000 	 -   	253096.7	252223.35	101.2387	100.88934	-873.35	4/30/2026	Muni	100	Single	RFRSwap	3.74	3.65	1.28	-0.63	0.013	 32 	0.64	0.13	0.34	0.16	0.00	0.00	0.00	1.1	0.0	-122.0	-89	0.00	0.00	0.00	0.00	0.00	0.00	0.00	0.76	0.01	3.14	0.79	0.01	2.31	1.08	0.01	0.58	1.79	0.02	-0.87
233_PUB_HTM	611200	031069XD4	MUNI	IG-2	AMESBURY MA		2.125	6/1/2037	1665000	 1,665,000 	 -   	1454075.6	1385151.13	87.3319	83.19226	-68924.47	4/30/2026	Muni	100	Single	RFRSwap	4.02	3.51	9.13	0.65	0.077	 1,279 	-0.01	-0.03	-0.03	-0.01	8.22	1.00	0.00	10.0	0.0	-6.3	-1	0.00	0.00	0.00	0.00	0.00	0.00	0.00	4.58	0.05	22.24	7.52	0.08	15.82	9.11	0.08	-0.01	9.19	0.07	-7.37
233_PUB_HTM	611913	0342854E3	MUNI	IG-2	ANDOVER MA		4	1/15/2027	995000	 995,000 	 -   	995000	995434.12	100	100.04363	434.12	4/30/2026	Muni	100	Single	RFRSwap	3.93	3.99	0.12	-0.28	0.001	 12 	0.12	0.00	0.00	0.00	0.00	0.00	0.00	0.1	0.0	-34.1	-32	0.00	0.00	0.00	0.00	0.00	0.00	0.00	0.08	0.00	0.32	0.09	0.00	0.23	0.09	0.00	0.05	0.32	0.00	-0.09
233_PUB_HTM	612703	035438HW3	MUNI	IG-2	ANN ARBOR MI		4	5/1/2033	2300000	 2,300,000 	 -   	2389349.67	2371029.52	103.8848	103.08824	-18320.14	4/30/2026	Muni	100	Single	RFRSwap	3.50	3.37	3.85	-0.52	0.040	 930 	0.00	0.01	1.73	1.45	0.68	0.00	0.00	3.9	0.0	-111.4	-79	0.00	0.00	0.00	0.00	0.00	0.00	0.00	2.87	0.03	11.61	2.89	0.03	8.31	3.92	0.04	1.06	4.54	0.05	-3.36
233_PUB_HTM	612298	035438HX1	MUNI	IG-2	ANN ARBOR MI		4	5/1/2034	2685000	 2,685,000 	 -   	2790343.77	2762791.97	103.9234	102.89728	-27551.8	4/30/2026	Muni	100	Single	RFRSwap	3.58	3.44	4.13	-0.71	0.043	 1,163 	0.01	0.01	1.64	1.30	1.18	0.00	0.00	4.1	0.0	-113.7	-72	0.00	0.00	0.00	0.00	0.00	0.00	0.00	2.87	0.03	11.89	2.94	0.03	8.58	4.36	0.05	0.80	5.11	0.05	-4.12
PUB_HTM	610758	3136BDZA9	Structured Agency CMBS	G-3-Q	FANNIE MAE	1	1.51378	2/1/2031	58881000	 58,881,000 	 -   	55350721.42	51996874.89	94.0044	88.30841	-3353846.53	4/30/2026	CPY	0	LMMSOFRFLAT	RFRSwap	4.30	2.87	4.34	0.24	0.038	 22,589 	-0.02	-0.01	0.66	3.70	0.00	0.00	0.00	4.6	NA	57	54	1.00	1.1	3.00	64	 NA 	NA	NA	4.43	0.04	8.11	4.39	0.04	3.94	4.29	0.04	-3.73	4.25	0.03	-7.27
PUB_HTM	610769	3136BF4D2	Structured Agency CMBS	G-3-Q	FANNIE MAE	1	1.50549	3/1/2031	28288684	 28,288,684 	 -   	26709242.93	24783314.35	94.4167	87.60858	-1925928.57	4/30/2026	CPY	0	LMMSOFRFLAT	RFRSwap	4.34	2.71	4.55	0.26	0.040	 11,288 	-0.02	-0.04	0.27	4.33	0.00	0.00	0.00	4.8	NA	60	57	1.00	0.3	2.98	61	 NA 	NA	NA	4.65	0.04	8.45	4.60	0.04	4.10	4.50	0.04	-3.88	4.45	0.04	-7.55
PUB_HTM	610759	3136BFRV7	Structured Agency CMBS	G-3-Q	FANNIE MAE	1	1.5168	11/1/2030	16000000	 16,000,000 	 -   	15088058.82	14170702.4	94.3004	88.56689	 (917,356.42)	4/30/2026	CPY	0	LMMSOFRFLAT	RFRSwap	4.29	2.83	4.26	0.23	0.038	 6,041 	-0.02	-0.04	0.98	3.33	0.00	0.00	0.00	4.5	NA	56	53	1.00	0.7	2.77	67	 NA 	NA	NA	4.35	0.04	7.97	4.30	0.04	3.88	4.21	0.04	-3.68	4.17	0.03	-7.17
PUB_HTM	610768	3136BHB73	Structured Agency CMBS	G-3-Q	FANNIE MAE	1	1.42111	3/1/2031	7000000	 7,000,000 	 -   	6540020.44	6133811.6	93.4289	87.62588	 (406,208.84)	4/30/2026	CPY	0	LMMSOFRFLAT	RFRSwap	4.34	2.90	4.42	0.24	0.039	 2,714 	-0.02	-0.04	0.63	3.85	0.00	0.00	0.00	4.7	NA	60	58	1.00	0.0	2.84	63	 NA 	NA	NA	4.51	0.04	8.20	4.47	0.04	3.99	4.37	0.04	-3.77	4.33	0.03	-7.35
PUB_HTM	610762	3136BHMX4	Structured Agency CMBS	G-3-Q	FANNIE MAE	1	1.65135	4/1/2031	20000000	 20,000,000 	 -   	19019601.85	17637890	95.098	88.18945	 (1,381,711.85)	4/30/2026	CPY	0	LMMSOFRFLAT	RFRSwap	4.31	2.68	4.59	0.26	0.041	 8,114 	-0.02	-0.04	0.13	4.52	0.00	0.00	0.00	4.9	NA	57	54	1.00	0.2	3.23	61	 NA 	NA	NA	4.70	0.05	8.60	4.64	0.04	4.17	4.54	0.04	-3.94	4.49	0.04	-7.67
HTM	606898	3136BPSC6	Structured Agency CMBS	G-3-Q	FANNIE MAE	0.907350976	4.30883	5/1/2033	177334422	 160,904,561 	 15,850,445.51 	163550928.2	157869386	101.6447	98.11368	 (5,681,542.22)	4/30/2026	CPY	0	LMMSOFRFLAT	RFRSwap	4.67	4.02	5.45	0.38	0.054	 86,348 	0.02	0.03	0.08	3.65	1.66	0.00	0.00	6.4	NA	85	83	0.91	2.8	#SPILL!	#SPILL!	 NA 	NA	NA	5.62	0.06	11.53	5.54	0.06	5.56	5.37	0.05	-5.18	5.28	0.05	-10.02
AFS	607827	3136BQL64	Structured Agency CMBS	G-3-Q	FANNIE MAE	1	4.55	1/1/2031	100000000	 100,000,000 	 -   	99456115.03	100647790	99.4561	100.64779	 1,191,674.97 	4/30/2026	CPY	0	LMMSOFRFLAT	RFRSwap	4.35	4.65	3.96	0.20	0.040	 40,017 	0.01	0.02	1.06	2.87	0.00	0.00	0.00	4.5	NA	62	60	1.00	0.4	#SPILL!	#SPILL!	 NA 	NA	NA	4.06	0.04	8.43	4.01	0.04	4.11	3.91	0.04	-3.90	3.87	0.04	-7.61
PUB_HTM	610739	3137F9CT6	Structured Agency CMBS	G-3-Q	FREDDIE MAC	1	1.658	12/1/2030	27238000	 27,238,000 	 -   	25833811.87	24270425.35	94.8447	89.10502	-1563386.53	4/30/2026	CPY	0	LMMSOFRFLAT	RFRSwap	4.27	2.84	4.34	0.23	0.039	 10,538 	-0.02	-0.04	0.77	3.62	0.00	0.00	0.00	4.6	0.0	54	51	1.00	NA	2.85	64	 NA 	NA	NA	4.43	0.04	8.17	4.38	0.04	3.98	4.29	0.04	-3.77	4.25	0.03	-7.34
HTM	606899	3137FHQ71	Structured Agency CMBS	G-3-Q	FREDDIE MAC	1	3.99	8/1/2033	12640000	 12,640,000 	 -   	12582446.74	12181052.98	99.5447	96.36909	-401393.76	4/30/2026	CPY	0	LMMSOFRFLAT	RFRSwap	4.58	4.05	6.17	0.48	0.060	 7,541 	0.01	0.01	0.01	3.36	2.78	0.00	0.00	7.3	0.0	73	70	1.00	NA	#SPILL!	#SPILL!	 NA 	NA	NA	6.36	0.07	12.91	6.27	0.06	6.20	6.08	0.06	-5.74	5.98	0.05	-11.06
HTM	606900	3137H9JG5	Structured Agency CMBS	G-3-Q	FREDDIE MAC	1	3.8	10/1/2032	20000000	 20,000,000 	 -   	19813272.43	19252734	99.0664	96.26367	-560538.43	4/30/2026	CPY	0	LMMSOFRFLAT	RFRSwap	4.46	3.95	5.61	0.39	0.054	 10,827 	0.01	0.00	0.00	3.95	1.64	0.00	0.00	6.5	0.0	65	62	1.00	NA	4.62	42	 NA 	NA	NA	5.76	0.06	11.63	5.68	0.06	5.61	5.53	0.05	-5.23	5.45	0.05	-10.11
HTM	606897	3137H9M89	Structured Agency CMBS	G-3-Q	FREDDIE MAC	1	3.78	11/1/2032	30000000	 30,000,000 	 -   	29674193.6	28868721	98.914	96.22907	-805472.6	4/30/2026	CPY	0	LMMSOFRFLAT	RFRSwap	4.45	3.96	5.55	0.39	0.054	 16,062 	0.01	0.00	0.05	3.89	1.59	0.00	0.00	6.4	0.0	64	62	1.00	NA	4.57	42	 NA 	NA	NA	5.71	0.06	11.50	5.63	0.06	5.55	5.47	0.05	-5.17	5.39	0.05	-10.00
AFS	607940	3137HA4B9	Structured Agency CMBS	G-3-Q	FREDDIE MAC	1	4.412	3/1/2030	25000000	 25,000,000 	 -   	24647774.02	25096470	98.5911	100.38588	448695.98	4/30/2026	CPY	0	LMMSOFRFLAT	RFRSwap	4.24	4.80	3.21	0.14	0.032	 8,087 	0.01	0.03	2.27	0.89	0.00	0.00	0.00	3.5	0.0	53	50	1.00	NA	#SPILL!	#SPILL!	 NA 	NA	NA	3.28	0.04	6.76	3.25	0.03	3.31	3.18	0.03	-3.17	3.14	0.03	-6.20
AFS	607912	3137HCXK3	Structured Agency CMBS	G-3-Q	FREDDIE MAC	1	5	3/1/2034	39910000	 39,910,000 	 -   	40306183.94	40993935.64	100.9927	102.71595	687751.7	4/30/2026	CPY	0	LMMSOFRFLAT	RFRSwap	4.57	4.84	6.30	0.51	0.065	 25,932 	0.02	0.02	0.05	2.90	3.31	0.00	0.00	7.7	0.0	71	68	1.00	NA	5.93	27	 NA 	NA	NA	6.52	0.08	14.10	6.41	0.07	6.77	6.19	0.06	-6.24	6.09	0.06	-12.01
AFS	607927	3137HHJG7	Structured Agency CMBS	G-3-Q	FREDDIE MAC	1	4.68	10/1/2031	15000000	 15,000,000 	 -   	14937773.99	15157974	99.5852	101.05316	220200.01	4/30/2026	CPY	0	LMMSOFRFLAT	RFRSwap	4.44	4.75	4.75	0.29	0.048	 7,225 	0.02	0.02	0.04	4.22	0.45	0.00	0.00	5.5	0.0	67	65	1.00	NA	5.41	19	 NA 	NA	NA	4.88	0.05	10.25	4.81	0.05	4.97	4.69	0.05	-4.67	4.63	0.04	-9.08
AFS	607937	3137HHJL6	Structured Agency CMBS	G-3-Q	FREDDIE MAC	1	4.792	9/1/2029	28750000	 28,750,000 	 -   	28896268.5	29194480.75	100.5088	101.54602	298212.26	4/30/2026	CPY	0	LMMSOFRFLAT	RFRSwap	4.23	4.57	3.04	0.12	0.031	 8,904 	0.02	0.02	2.47	0.53	0.00	0.00	0.00	3.4	0.0	52	49	1.00	NA	5.65	20	 NA 	NA	NA	3.10	0.03	6.46	3.07	0.03	3.16	3.01	0.03	-3.03	2.97	0.03	-5.95
AFS	607939	3137HHUX7	Structured Agency CMBS	G-3-Q	FREDDIE MAC	1	4.25	11/1/2029	50000000	 50,000,000 	 -   	49225232.05	49991175	98.4505	99.98235	765942.95	4/30/2026	CPY	0	LMMSOFRFLAT	RFRSwap	4.20	4.69	3.19	0.14	0.032	 16,001 	0.01	0.01	2.37	0.80	0.00	0.00	0.00	3.5	0.0	49	46	1.00	NA	5.16	18	 NA 	NA	NA	3.26	0.03	6.68	3.22	0.03	3.27	3.16	0.03	-3.13	3.12	0.03	-6.14
AFS	607935	3137HHW23	Structured Agency CMBS	G-3-Q	FREDDIE MAC	1	4.23	12/1/2029	30000000	 30,000,000 	 -   	29404946.96	29948910	98.0165	99.8297	543963.04	4/30/2026	CPY	0	LMMSOFRFLAT	RFRSwap	4.23	4.80	3.24	0.14	0.032	 9,737 	0.01	0.01	2.31	0.91	0.00	0.00	0.00	3.6	0.0	52	49	1.00	NA	5.13	17	 NA 	NA	NA	3.31	0.04	6.78	3.27	0.03	3.32	3.21	0.03	-3.18	3.17	0.03	-6.22
AFS	607946	3137HKDD3	Structured Agency CMBS	G-3-Q	FREDDIE MAC	1	4.55	1/1/2032	61189000	 61,189,000 	 -   	61289051.75	61664267.2	100.1635	100.77672	375215.45	4/30/2026	CPY	0	LMMSOFRFLAT	RFRSwap	4.37	4.50	4.87	0.30	0.049	 30,111 	0.01	0.01	0.04	4.21	0.59	0.00	0.00	5.6	0.0	60	58	1.00	NA	5.27	16	 NA 	NA	NA	5.00	0.06	10.48	4.93	0.05	5.08	4.80	0.05	-4.77	4.74	0.04	-9.26
APT_AFS	817613	912797TP2	Treasuries	A-1-Q	TREASURY BILL		0	7/23/2026	1285000	 1,285,000 	 -   	1274487.08	1274341.91	99.1819	99.1705764	-145.17	4/30/2026	Default	Default	Default	RFRSwap	3.60	3.55	0.23	0.00	0.002	 30 	0.23	0.00	0.00	0.00	0.00	0.00	0.00	0.2	0.0	-11	-11	0.00	0.0	0.00	0	 -   	0	0	0.23	0.00	0.47	0.23	0.00	0.23	0.23	0.00	-0.23	0.23	0.00	-0.46
PUB_HTM	611874	912828Z78	Treasuries	A-1-Q	UNITED STATES TREASURY		1.5	1/31/2027	50000000	 50,000,000 	 -   	49650302.26	49176757.8	99.3006	98.3535156	-473544.46	4/30/2026	Default	Default	Default	RFRSwap	3.73	2.44	0.74	0.01	0.007	 3,661 	0.74	0.00	0.00	0.00	0.00	0.00	0.00	0.8	0.0	0	0	0.00	0.0	0.00	0	 -   	0	0	0.75	0.01	1.49	0.75	0.01	0.74	0.74	0.01	-0.73	0.73	0.01	-1.44
PUB_HTM	611440	91282CDK4	Treasuries	A-1-Q	UNITED STATES TREASURY		1.25	11/30/2026	100000000	 100,000,000 	 -   	99312374.17	98590820.3	99.3124	98.5908203	-721553.87	4/30/2026	Default	Default	Default	RFRSwap	3.71	2.44	0.58	0.01	0.006	 5,747 	0.58	0.00	0.00	0.00	0.00	0.00	0.00	0.6	0.0	-4	-4	0.00	0.0	0.00	0	 -   	0	0	0.59	0.01	1.16	0.58	0.01	0.58	0.58	0.01	-0.57	0.57	0.01	-1.14
PUB_HTM	612552	91282CDQ1	Treasuries	A-1-Q	UNITED STATES TREASURY		1.25	12/31/2026	250000000	 250,000,000 	 -   	248022375.5	245962890.5	99.209	98.3851562	-2059485.03	4/30/2026	Default	Default	Default	RFRSwap	3.72	2.45	0.66	0.01	0.007	 16,330 	0.66	0.00	0.00	0.00	0.00	0.00	0.00	0.7	0.0	-3	-3	0.00	0.0	0.00	0	 -   	0	0	0.67	0.01	1.32	0.67	0.01	0.66	0.66	0.01	-0.65	0.65	0.01	-1.29
AFS	612553	91282CFM8	Treasuries	A-1-Q	UNITED STATES TREASURY		4.125	9/30/2027	225000000	 225,000,000 	 -   	224835786.9	225782226.5	99.927	100.3476562	946439.55	4/30/2026	Default	Default	Default	RFRSwap	3.87	4.18	1.36	0.03	0.014	 30,735 	0.79	0.57	0.00	0.00	0.00	0.00	0.00	1.4	0.0	11	11	0.00	0.0	0.00	0	 -   	0	0	1.38	0.01	2.80	1.37	0.01	1.38	1.34	0.01	-1.35	1.33	0.01	-2.67
AFS	611835	91282CFU0	Treasuries	A-1-Q	UNITED STATES TREASURY		4.125	10/31/2027	100000000	 100,000,000 	 -   	99637502.14	100351562.5	99.6375	100.3515625	714060.36	4/30/2026	Default	Default	Default	RFRSwap	3.88	4.38	1.44	0.04	0.014	 14,436 	0.73	0.71	0.00	0.00	0.00	0.00	0.00	1.5	0.0	12	12	0.00	0.0	0.00	0	 -   	0	0	1.47	0.02	2.96	1.45	0.01	1.46	1.42	0.01	-1.43	1.41	0.01	-2.82
WTNA_AFS	612554	91282CFZ9	Treasuries	A-1-Q	UNITED STATES TREASURY		3.875	11/30/2027	1101000	 1,101,000 	 -   	1100658.78	1100870.98	99.969	99.9882812	212.2	4/30/2026	Default	Default	Default	RFRSwap	3.88	3.89	1.49	0.04	0.015	 167 	0.62	0.87	0.00	0.00	0.00	0.00	0.00	1.6	0.0	12	12	0.00	0.0	0.00	0	 -   	0	0	1.53	0.02	3.12	1.51	0.02	1.54	1.48	0.01	-1.50	1.46	0.01	-2.96
AFS	612414	91282CFZ9	Treasuries	A-1-Q	UNITED STATES TREASURY		3.875	11/30/2027	100000000	 100,000,000 	 -   	99207475.78	99988281.2	99.2075	99.9882812	780805.42	4/30/2026	Default	Default	Default	RFRSwap	3.88	4.40	1.49	0.04	0.015	 15,188 	0.62	0.87	0.00	0.00	0.00	0.00	0.00	1.6	0.0	12	12	0.00	0.0	0.00	0	 -   	0	0	1.53	0.02	3.12	1.51	0.02	1.54	1.48	0.01	-1.50	1.46	0.01	-2.96
AFS	612457	91282CGP0	Treasuries	A-1-Q	UNITED STATES TREASURY		4	2/29/2028	193000000	 193,000,000 	 -   	192964602.5	193384492.1	99.9817	100.1992187	419889.63	4/30/2026	Default	Default	Default	RFRSwap	3.88	4.01	1.74	0.05	0.018	 33,782 	0.29	1.44	0.00	0.00	0.00	0.00	0.00	1.8	0.0	14	14	0.00	0.0	0.00	0	 -   	0	0	1.77	0.02	3.60	1.75	0.02	1.77	1.72	0.02	-1.73	1.70	0.02	-3.41
AFS	611212	91282CJT9	Treasuries	A-1-Q	UNITED STATES TREASURY		4	1/15/2027	100000000	 100,000,000 	 -   	99886493.61	100187500	99.8865	100.1875	301006.39	4/30/2026	Default	Default	Default	RFRSwap	3.72	4.16	0.70	0.01	0.007	 7,046 	0.70	0.00	0.00	0.00	0.00	0.00	0.00	0.7	0.0	-2	-2	0.00	0.0	0.00	0	 -   	0	0	0.71	0.01	1.43	0.70	0.01	0.71	0.69	0.01	-0.70	0.69	0.01	-1.39
AFS	612089	91282CKA8	Treasuries	A-1-Q	UNITED STATES TREASURY		4.125	2/15/2027	187500000	 187,500,000 	 -   	187077808.6	188027343.8	99.7748	100.28125	949535.19	4/30/2026	Default	Default	Default	RFRSwap	3.76	4.41	0.77	0.01	0.008	 14,681 	0.77	0.00	0.00	0.00	0.00	0.00	0.00	0.8	0.0	2	2	0.00	0.0	0.00	0	 -   	0	0	0.79	0.01	1.59	0.78	0.01	0.79	0.77	0.01	-0.78	0.76	0.01	-1.54
AFS	612626	91282CKE0	Treasuries	A-1-Q	UNITED STATES TREASURY		4.25	3/15/2027	175000000	 175,000,000 	 -   	174288402.4	175748364.2	99.5934	100.4276367	1459961.82	4/30/2026	Default	Default	Default	RFRSwap	3.74	4.72	0.85	0.01	0.009	 15,041 	0.85	0.00	0.00	0.00	0.00	0.00	0.00	0.9	0.0	0	0	0.00	0.0	0.00	0	 -   	0	0	0.87	0.01	1.75	0.86	0.01	0.87	0.84	0.01	-0.85	0.84	0.01	-1.69
AFS	611265	91282CKJ9	Treasuries	A-1-Q	UNITED STATES TREASURY		4.5	4/15/2027	362500000	 362,500,000 	 -   	363201783.5	364978027.2	100.1936	100.6835937	1776243.72	4/30/2026	Default	Default	Default	RFRSwap	3.77	4.29	0.93	0.02	0.009	 33,926 	0.93	0.00	0.00	0.00	0.00	0.00	0.00	1.0	0.0	2	2	0.00	0.0	0.00	0	 -   	0	0	0.95	0.01	1.91	0.94	0.01	0.94	0.92	0.01	-0.93	0.91	0.01	-1.84
AFS	612381	91282CKR1	Treasuries	A-1-Q	UNITED STATES TREASURY		4.5	5/15/2027	92500000	 92,500,000 	 -   	93235243.77	93151835.94	100.7949	100.7046875	-83407.84	4/30/2026	Default	Default	Default	RFRSwap	3.80	3.71	0.99	0.02	0.010	 9,374 	0.94	0.05	0.00	0.00	0.00	0.00	0.00	1.0	0.0	6	6	0.00	0.0	0.00	0	 -   	0	0	1.01	0.01	2.07	1.00	0.01	1.02	0.98	0.01	-1.00	0.97	0.01	-1.99
AFS	612370	91282CKV2	Treasuries	A-1-Q	UNITED STATES TREASURY		4.625	6/15/2027	150000000	 150,000,000 	 -   	150237931.4	151341796.8	100.1586	100.8945312	1103865.42	4/30/2026	Default	Default	Default	RFRSwap	3.80	4.47	1.07	0.02	0.011	 16,427 	0.92	0.15	0.00	0.00	0.00	0.00	0.00	1.1	0.0	5	5	0.00	0.0	0.00	0	 -   	0	0	1.09	0.01	2.24	1.08	0.01	1.11	1.06	0.01	-1.08	1.05	0.01	-2.15
AFS	611511	91282CKZ3	Treasuries	A-1-Q	UNITED STATES TREASURY		4.375	7/15/2027	200000000	 200,000,000 	 -   	200376738.5	201257812.4	100.1884	100.6289062	881073.95	4/30/2026	Default	Default	Default	RFRSwap	3.83	4.21	1.15	0.02	0.012	 23,447 	0.90	0.25	0.00	0.00	0.00	0.00	0.00	1.2	0.0	8	8	0.00	0.0	0.00	0	 -   	0	0	1.17	0.01	2.40	1.16	0.01	1.19	1.14	0.01	-1.16	1.13	0.01	-2.29
AFS	611717	91282CLG4	Treasuries	A-1-Q	UNITED STATES TREASURY		3.75	8/15/2027	375000000	 375,000,000 	 -   	374709579.4	374472656.3	99.9226	99.859375	-236923.18	4/30/2026	Default	Default	Default	RFRSwap	3.86	3.81	1.24	0.03	0.012	 46,653 	0.87	0.37	0.00	0.00	0.00	0.00	0.00	1.3	0.0	11	11	0.00	0.0	0.00	0	 -   	0	0	1.26	0.01	2.55	1.25	0.01	1.26	1.22	0.01	-1.23	1.21	0.01	-2.43
AFS	612430	91282CLL3	Treasuries	A-1-Q	UNITED STATES TREASURY		3.375	9/15/2027	62500000	 62,500,000 	 -   	62057442.81	62102050.75	99.2919	99.3632812	44607.94	4/30/2026	Default	Default	Default	RFRSwap	3.85	3.91	1.32	0.03	0.013	 8,238 	0.82	0.51	0.00	0.00	0.00	0.00	0.00	1.4	0.0	9	9	0.00	0.0	0.00	0	 -   	0	0	1.35	0.01	2.70	1.33	0.01	1.33	1.31	0.01	-1.30	1.29	0.01	-2.58
AFS	611209	91282CLQ2	Treasuries	A-1-Q	UNITED STATES TREASURY		3.875	10/15/2027	112500000	 112,500,000 	 -   	112005979.4	112500000	99.5609	100	494020.65	4/30/2026	Default	Default	Default	RFRSwap	3.87	4.19	1.40	0.03	0.014	 15,767 	0.76	0.64	0.00	0.00	0.00	0.00	0.00	1.5	0.0	11	11	0.00	0.0	0.00	0	 -   	0	0	1.43	0.01	2.87	1.41	0.01	1.42	1.39	0.01	-1.38	1.37	0.01	-2.74
AFS	611706	91282CLX7	Treasuries	A-1-Q	UNITED STATES TREASURY		4.125	11/15/2027	87500000	 87,500,000 	 -   	87357426.88	87814453.12	99.8371	100.359375	457026.25	4/30/2026	Default	Default	Default	RFRSwap	3.88	4.23	1.45	0.04	0.015	 12,979 	0.67	0.78	0.00	0.00	0.00	0.00	0.00	1.5	0.0	12	12	0.00	0.0	0.00	0	 -   	0	0	1.48	0.02	3.04	1.47	0.02	1.50	1.44	0.01	-1.47	1.42	0.01	-2.89
AFS	612982	91282CMF5	Treasuries	A-1-Q	UNITED STATES TREASURY		4.25	1/15/2028	100000000	 100,000,000 	 -   	99772643.74	100589843.7	99.7726	100.5898437	817199.96	4/30/2026	Default	Default	Default	RFRSwap	3.89	4.39	1.61	0.04	0.016	 16,427 	0.47	1.14	0.00	0.00	0.00	0.00	0.00	1.7	0.0	13	13	0.00	0.0	0.00	0	 -   	0	0	1.65	0.02	3.37	1.63	0.02	1.66	1.60	0.02	-1.62	1.58	0.02	-3.20
