ycdate	settdate	model	ybport	transactionnum	ybname	subclass	principal	bookvalue	market_value_clean	maturity_date	ybcurve	callput	marketprice	bookprice	marketyield	bookyield	avglf	oas	static	optcost	effdur	effcvx	s_dur	m_dur	p_dur	v_dur	minus350	minus300	minus200	minus100	plus50	plus100	plus200	plus300	plus400	plus450	one_month_fwd_cpr	long_term_fwd_cpr	customeffduration	customeffconv	effectivedv01athorizon_200	effectivedv01athorizon_100	effectivedv01athorizon100	effectivedv01athorizon200	effectivedv01athorizon300	effectivedurationathorizon_200	effectivedurationathorizon_100	effectivedurationathorizon100	effectivedurationathorizon200	effectivedurationathorizon300	wght_marketprice	wght_bookprice	wght_marketyield	wght_bookyield	wght_avglf	wght_oas	wght_static	wght_optcost	wght_effdur	wght_effcvx	wght_s_dur	wght_m_dur	wght_p_dur	wght_v_dur	wght_minus350	wght_minus300	wght_minus200	wght_minus100	wght_plus50	wght_plus100	wght_plus200	wght_plus300	wght_plus400	wght_plus450	wght_one_month_fwd_cpr	wght_long_term_fwd_cpr	wght_customeffduration	wght_customeffconv	wght_effectivedv01athorizon_200	wght_effectivedv01athorizon_100	wght_effectivedv01athorizon100	wght_effectivedv01athorizon200	wght_effectivedv01athorizon300	wght_effectivedurationathorizon_200	wght_effectivedurationathorizon_100	wght_effectivedurationathorizon100	wght_effectivedurationathorizon200	wght_effectivedurationathorizon300
2026-02-28	2026-02-28	Model2501	MBS	905230711	36225CVW3	ARM 1x1	13779.200000	13799.220000	13971.680000	2032-08-20	SWAP	0	101.39690500	100.14529100	2.57126600	4.73446900	2.55581300	1.08385900	1.09341100	-0.00955200	0.747797370000	0.444441800000	2.344018000000	2.293538000000	0.000000000000	0.000000000000	0.000000000000	4.418719000000	2.639775630000	1.070988530000	0.000000000000	-0.664148380000	-1.653255000000	-3.169029250000	0.000000000000	0.000000000000	13.34400000	13.58360000	0.770198000000	0.000000000000	0.016926780000	0.013894868000	0.007084476000	0.013079446000	0.016786152000	1.620700000000	1.350700000000	0.700500000000	1.306000000000	1.701900000000	1397168.233376	1379921.993747	35429.988467	65237.195245	35217.058490	14934.709933	15066.328851	-131.618918	10304.049521	6124.052451	32298.692826	31603.118810	0.000000	0.000000	0.000000	60886.412845	36373.996361	14757.365153	0.000000	-9151.433358	-22780.531296	-43666.687842	0.000000	0.000000	183869.644800	187171.141120	10612.712282	0.000000	233.237487	191.460165	97.618412	180.224302	231.299746	22331.949440	18611.565440	9652.329600	17995.635200	23450.820480
2026-02-28	2026-02-28	Model2501	MBS	905230713	36225CVY9	ARM 1x1	11487.450000	11505.160000	11647.970000	2032-08-20	SWAP	0	101.39733900	100.15416800	2.53249900	4.70932600	2.48489100	1.06585600	1.07337600	-0.00752000	0.738783956000	0.441885600000	2.284928000000	2.233903000000	0.000000000000	0.000000000000	0.000000000000	4.466784740000	2.638128910000	1.061532160000	0.000000000000	-0.654370630000	-1.623292050000	-3.105883400000	0.000000000000	0.000000000000	16.09700000	14.25900000	0.761099000000	0.000000000000	0.017178245000	0.013837506000	0.006953940000	0.012808356000	0.016404020000	1.644800000000	1.345200000000	0.687500000000	1.278600000000	1.662100000000	1164796.861896	1150515.997192	29091.955638	54098.146959	28545.061118	12243.967507	12330.353131	-86.385624	8486.743755	5076.138736	26247.996154	25661.849017	0.000000	0.000000	0.000000	51311.966362	30305.373947	12194.297611	0.000000	-7517.049894	-18647.486260	-35678.680263	0.000000	0.000000	184913.482650	163799.549550	8743.086708	0.000000	197.334231	158.957658	79.883038	147.135349	188.440360	18894.557760	15452.917740	7897.621875	14687.853570	19093.290645
2026-02-28	2026-02-28	Model2501	MBS	1503160008	36225CX35	ARM 1x1	14047.720000	14047.710000	14015.320000	2033-05-20	SWAP	0	99.76937800	99.99992900	5.59365600	4.95785600	2.81097100	1.78380500	1.80065700	-0.01685200	0.644306064000	0.657285200000	2.522340000000	2.463387000000	0.000000000000	0.000000000000	0.000000000000	4.589492300000	2.687820760000	1.072423150000	0.000000000000	-0.428868340000	-1.094593850000	-2.482056550000	0.000000000000	0.000000000000	18.30700000	13.43010000	0.668202000000	0.000000000000	0.017788041000	0.014247401000	0.004066730000	0.010534002000	0.016293436000	1.729000000000	1.407000000000	0.407600000000	1.063000000000	1.667500000000	1401532.286718	1404771.002612	78578.113264	69646.572888	39487.733536	25058.393175	25295.125352	-236.732177	9051.031181	9233.358450	35433.126065	34604.970828	0.000000	0.000000	0.000000	64471.902773	37757.753447	15065.100133	0.000000	-6024.622357	-15376.547919	-34867.235439	0.000000	0.000000	257171.610040	188662.284372	9386.714599	0.000000	249.881419	200.143500	57.128284	147.978711	228.885627	24288.507880	19765.142040	5725.850672	14932.726360	23424.573100
2026-02-28	2026-02-28	Model2501	MBS	905230716	36225CX92	ARM 1x1	9883.840000	9883.840000	10021.830000	2033-06-20	SWAP	0	101.39616800	100.00000000	1.18055200	4.95770100	2.86628900	1.15925500	1.17777000	-0.01851500	0.649076998000	0.643906800000	2.594590000000	2.538651000000	0.000000000000	0.000000000000	0.000000000000	4.544623010000	2.688898000000	1.084162010000	0.000000000000	-0.444887050000	-1.126651880000	-2.528666640000	0.000000000000	0.000000000000	16.21700000	12.59110000	0.672328000000	0.000000000000	0.017532187000	0.014278977000	0.004232083000	0.010689654000	0.016439559000	1.677600000000	1.387600000000	0.417500000000	1.061600000000	1.655700000000	1002183.501125	988384.000000	11668.387080	49001.123452	28329.941870	11457.890939	11640.890237	-182.999298	6415.373196	6364.271786	25644.512426	25091.620300	0.000000	0.000000	0.000000	44918.326691	26576.637608	10715.683841	0.000000	-4397.192420	-11135.646918	-24992.936483	0.000000	0.000000	160286.233280	124448.417824	6645.182380	0.000000	173.285331	141.131124	41.829231	105.654830	162.485971	16581.129984	13714.816384	4126.503200	10492.684544	16364.673888
2026-02-28	2026-02-28	Model2501	MBS	905230718	36225CXC5	ARM 1x1	46148.200000	46504.180000	46248.370000	2033-02-20	SWAP	0	100.21706700	100.77138400	1.97551500	-2.18466900	2.55039300	1.53177400	1.55783300	-0.02605900	0.114995077000	0.025678000000	2.312741000000	2.261925000000	0.000000000000	0.000000000000	0.000000000000	3.957167820000	2.220188080000	0.792666140000	0.000000000000	-0.107685260000	-0.550301070000	-1.736185190000	0.000000000000	0.000000000000	12.48200000	13.03710000	0.258297000000	0.000000000000	0.016087074000	0.012488363000	0.001027884000	0.010798329000	0.013369908000	1.564000000000	1.231200000000	0.102200000000	1.078900000000	1.351800000000	4624837.251329	4650417.983109	91166.461323	-100818.541946	117696.046243	70688.612907	71891.188851	-1202.575944	5306.815812	1184.993480	106728.834216	104383.767285	0.000000	0.000000	0.000000	182616.171991	102457.683553	36580.115562	0.000000	-4969.480916	-25395.403839	-80121.821385	0.000000	0.000000	576021.832400	601638.698220	11919.941615	0.000000	742.389508	576.315473	47.434996	498.323446	616.997188	72175.784800	56817.663840	4716.346040	49789.292980	62383.136760
2026-02-28	2026-02-28	Model2501	MBS	905230720	36225CYF7	ARM 1x1	24373.700000	24581.660000	24890.120000	2033-07-20	SWAP	0	102.11874600	100.85321500	1.82980600	3.98107900	2.84106000	1.35152800	1.37622900	-0.02470100	0.767917991000	0.427327700000	2.556888000000	2.498621000000	0.000000000000	0.000000000000	0.000000000000	4.676525600000	2.747783970000	1.101304710000	0.000000000000	-0.700236730000	-1.792905480000	-3.546867830000	0.000000000000	0.000000000000	26.00900000	13.36350000	0.791310000000	0.000000000000	0.018042985000	0.014369831000	0.007635448000	0.014838723000	0.019708483000	1.713400000000	1.386200000000	0.749600000000	1.472600000000	1.990500000000	2489011.679380	2458166.006446	44599.142502	97033.625222	69247.144122	32941.738014	33543.792777	-602.054764	18717.002737	10415.557161	62320.821046	60900.638668	0.000000	0.000000	0.000000	113984.232017	66973.662150	26842.870610	0.000000	-17067.359986	-43699.740298	-86450.292428	0.000000	0.000000	633935.563300	325717.939950	19287.152547	0.000000	439.774303	350.245950	186.104119	361.674583	480.368652	41761.897580	33786.822940	18270.525520	35892.710620	48515.849850
2026-02-28	2026-02-28	Model2501	MBS	1503160009	36225CZP4	ARM 1x1	29592.810000	29686.250000	30229.150000	2033-10-20	SWAP	0	102.15030400	100.31575200	2.11923800	4.45507900	2.94954300	0.86064200	0.88424200	-0.02360000	0.961013317000	0.226782400000	2.686788000000	2.623942000000	0.000000000000	0.000000000000	0.000000000000	4.780630720000	2.810096850000	1.165694960000	0.000000000000	-0.977599650000	-2.324689180000	-4.149754660000	0.000000000000	0.000000000000	13.26100000	12.66100000	0.977740000000	0.000000000000	0.018303288000	0.014117575000	0.010929822000	0.016174883000	0.019842025000	1.737500000000	1.361400000000	1.076200000000	1.614100000000	2.016800000000	3022914.537714	2968624.988943	62714.207479	131838.306382	87285.265586	25468.815184	26167.205500	-698.390316	28439.084497	6711.128475	79509.606794	77649.817057	0.000000	0.000000	0.000000	141472.296577	83158.662164	34496.189469	0.000000	-28929.920699	-68794.085213	-122802.901200	0.000000	0.000000	392430.253410	374674.567410	28934.074049	0.000000	541.645724	417.778715	323.444146	478.660239	587.181276	51417.507375	40287.651534	31847.782122	47765.754621	59682.779208
2026-02-28	2026-02-28	Model2501	MBS	905230627	31348SE34	ARM 3x1	852.140000	852.770000	849.090000	2026-04-01	SWAP	0	99.64239100	100.07393200	4.15299300	1.52689300	0.16584400	0.40986200	0.40986200	0.00000000	0.171156302000	0.000741448000	0.165682000000	0.162298000000	0.000000000000	0.000000000000	0.000000000000	0.517545280000	0.344279770000	0.171766400000	0.000000000000	-0.171024520000	-0.341312280000	-0.510868310000	0.000000000000	0.000000000000	24.07000000	24.07940000	0.171156000000	0.000000000000	0.001728886000	0.001721391000	0.001706554000	0.001699211000	0.001691919000	0.172100000000	0.171600000000	0.170700000000	0.170300000000	0.169800000000	84909.267067	85277.000414	3538.931455	1301.126601	141.322306	349.259805	349.259805	0.000000	145.849131	0.631817	141.184259	138.300618	0.000000	0.000000	0.000000	441.021035	293.374563	146.369020	0.000000	-145.736834	-290.845846	-435.331322	0.000000	0.000000	20511.009800	20519.019916	145.848874	0.000000	1.473253	1.466866	1.454223	1.447966	1.441752	146.653294	146.227224	145.460298	145.119442	144.693372
2026-02-28	2026-02-28	Model2501	MBS	905230630	31348SPF5	ARM 3x1	3057.400000	3057.400000	3060.940000	2027-05-01	SWAP	0	100.11590600	100.00000000	2.19589300	2.76107300	0.65693300	0.96600200	0.96617400	-0.00017200	0.642549992000	0.008260262000	0.644520000000	0.631355000000	0.000000000000	0.000000000000	0.000000000000	1.979102450000	1.309260780000	0.650413250000	0.000000000000	-0.642121940000	-1.275649840000	-1.901170630000	0.000000000000	0.000000000000	18.85000000	23.18620000	0.642541000000	0.000000000000	0.006638458000	0.006544599000	0.006378026000	0.006295321000	0.006210946000	0.651500000000	0.646400000000	0.638100000000	0.633900000000	0.629300000000	306094.371004	305740.000000	6713.723258	8441.704590	2008.506954	2953.454515	2953.980388	-0.525873	1964.532346	25.254925	1970.555448	1930.304777	0.000000	0.000000	0.000000	6050.907831	4002.933909	1988.573471	0.000000	-1963.223619	-3900.171821	-5812.639084	0.000000	0.000000	57631.990000	70889.487880	1964.504853	0.000000	20.296421	20.009457	19.500177	19.247314	18.989346	1991.896100	1976.303360	1950.926940	1938.085860	1924.021820
2026-02-28	2026-02-28	Model2501	MBS	1503160006	31405FGE6	ARM 3x1	16764.480000	16873.430000	17245.780000	2034-07-01	SWAP	0	102.87094500	100.64988600	-7.26376900	1.97951700	3.31781000	1.43659900	1.46474700	-0.02814800	0.198432639000	0.019297830000	2.924486000000	2.865103000000	0.000000000000	0.000000000000	0.000000000000	2.454926010000	1.003428280000	0.209704660000	0.000000000000	-0.210739350000	-0.479267600000	-1.321511020000	0.000000000000	0.000000000000	10.30300000	11.42300000	0.198815000000	0.000000000000	0.012536581000	0.002371380000	0.002292007000	0.003275250000	0.014641767000	1.201300000000	0.229000000000	0.222200000000	0.318400000000	1.435000000000	1724577.900034	1687343.000849	-121773.310125	33185.573156	55621.359389	24083.835204	24555.721787	-471.886583	3326.620008	323.518085	49027.487057	48031.961941	0.000000	0.000000	0.000000	41155.557996	16821.953331	3515.589578	0.000000	-3532.935618	-8034.672095	-22154.445065	0.000000	0.000000	172724.437440	191500.655040	3333.030091	0.000000	210.169261	39.754953	38.424306	54.907863	245.461610	20139.169824	3839.065920	3725.067456	5337.810432	24057.028800
